# binIndex1	binCenter1	binIndex2	binCenter2	count
0	5.94036e-07	0	-0.375439	0
0	5.94036e-07	1	-0.362079	0
0	5.94036e-07	2	-0.348719	0
0	5.94036e-07	3	-0.335359	0
0	5.94036e-07	4	-0.321999	0
0	5.94036e-07	5	-0.308638	0
0	5.94036e-07	6	-0.295278	0
0	5.94036e-07	7	-0.281918	0
0	5.94036e-07	8	-0.268558	0
0	5.94036e-07	9	-0.255198	0
0	5.94036e-07	10	-0.241838	0
0	5.94036e-07	11	-0.228477	0
0	5.94036e-07	12	-0.215117	0
0	5.94036e-07	13	-0.201757	0
0	5.94036e-07	14	-0.188397	0
0	5.94036e-07	15	-0.175037	0
0	5.94036e-07	16	-0.161677	0
0	5.94036e-07	17	-0.148316	0
0	5.94036e-07	18	-0.134956	0
0	5.94036e-07	19	-0.121596	0
0	5.94036e-07	20	-0.108236	0
0	5.94036e-07	21	-0.0948757	0
0	5.94036e-07	22	-0.0815155	0
0	5.94036e-07	23	-0.0681554	0
0	5.94036e-07	24	-0.0547952	0
0	5.94036e-07	25	-0.041435	9.53021e-06
0	5.94036e-07	26	-0.0280749	0.00117103
0	5.94036e-07	27	-0.0147147	0.0556164
0	5.94036e-07	28	-0.00135454	0.834868
0	5.94036e-07	29	0.0120056	0.105316
0	5.94036e-07	30	0.0253658	0.00300714
0	5.94036e-07	31	0.038726	1.19072e-05
0	5.94036e-07	32	0.0520861	0
0	5.94036e-07	33	0.0654463	0
0	5.94036e-07	34	0.0788065	0
0	5.94036e-07	35	0.0921666	0
0	5.94036e-07	36	0.105527	0
0	5.94036e-07	37	0.118887	0
0	5.94036e-07	38	0.132247	0
0	5.94036e-07	39	0.145607	0
0	5.94036e-07	40	0.158967	0
0	5.94036e-07	41	0.172328	0
0	5.94036e-07	42	0.185688	0
0	5.94036e-07	43	0.199048	0
0	5.94036e-07	44	0.212408	0
0	5.94036e-07	45	0.225768	0
0	5.94036e-07	46	0.239128	0
0	5.94036e-07	47	0.252489	0
0	5.94036e-07	48	0.265849	0
0	5.94036e-07	49	0.279209	0
1	1.78211e-06	0	-0.375439	0
1	1.78211e-06	1	-0.362079	0
1	1.78211e-06	2	-0.348719	0
1	1.78211e-06	3	-0.335359	0
1	1.78211e-06	4	-0.321999	0
1	1.78211e-06	5	-0.308638	0
1	1.78211e-06	6	-0.295278	0
1	1.78211e-06	7	-0.281918	0
1	1.78211e-06	8	-0.268558	0
1	1.78211e-06	9	-0.255198	0
1	1.78211e-06	10	-0.241838	0
1	1.78211e-06	11	-0.228477	0
1	1.78211e-06	12	-0.215117	0
1	1.78211e-06	13	-0.201757	0
1	1.78211e-06	14	-0.188397	0
1	1.78211e-06	15	-0.175037	0
1	1.78211e-06	16	-0.161677	0
1	1.78211e-06	17	-0.148316	0
1	1.78211e-06	18	-0.134956	0
1	1.78211e-06	19	-0.121596	0
1	1.78211e-06	20	-0.108236	0
1	1.78211e-06	21	-0.0948757	2.44205e-06
1	1.78211e-06	22	-0.0815155	0
1	1.78211e-06	23	-0.0681554	2.91806e-06
1	1.78211e-06	24	-0.0547952	1.547e-05
1	1.78211e-06	25	-0.041435	0.000408489
1	1.78211e-06	26	-0.0280749	0.0146238
1	1.78211e-06	27	-0.0147147	0.13396
1	1.78211e-06	28	-0.00135454	0.628124
1	1.78211e-06	29	0.0120056	0.195989
1	1.78211e-06	30	0.0253658	0.025917
1	1.78211e-06	31	0.038726	0.000935663
1	1.78211e-06	32	0.0520861	1.43498e-05
1	1.78211e-06	33	0.0654463	2.86686e-06
1	1.78211e-06	34	0.0788065	1.38361e-06
1	1.78211e-06	35	0.0921666	1.22289e-06
1	1.78211e-06	36	0.105527	4.81215e-07
1	1.78211e-06	37	0.118887	9.62053e-07
1	1.78211e-06	38	0.132247	0
1	1.78211e-06	39	0.145607	0
1	1.78211e-06	40	0.158967	0
1	1.78211e-06	41	0.172328	0
1	1.78211e-06	42	0.185688	0
1	1.78211e-06	43	0.199048	0
1	1.78211e-06	44	0.212408	0
1	1.78211e-06	45	0.225768	0
1	1.78211e-06	46	0.239128	0
1	1.78211e-06	47	0.252489	0
1	1.78211e-06	48	0.265849	0
1	1.78211e-06	49	0.279209	0
2	2.97018e-06	0	-0.375439	0
2	2.97018e-06	1	-0.362079	0
2	2.97018e-06	2	-0.348719	0
2	2.97018e-06	3	-0.335359	0
2	2.97018e-06	4	-0.321999	0
2	2.97018e-06	5	-0.308638	0
2	2.97018e-06	6	-0.295278	0
2	2.97018e-06	7	-0.281918	0
2	2.97018e-06	8	-0.268558	0
2	2.97018e-06	9	-0.255198	0
2	2.97018e-06	10	-0.241838	0
2	2.97018e-06	11	-0.228477	0
2	2.97018e-06	12	-0.215117	0
2	2.97018e-06	13	-0.201757	0
2	2.97018e-06	14	-0.188397	0
2	2.97018e-06	15	-0.175037	0
2	2.97018e-06	16	-0.161677	0
2	2.97018e-06	17	-0.148316	0
2	2.97018e-06	18	-0.134956	1.96659e-06
2	2.97018e-06	19	-0.121596	7.59456e-07
2	2.97018e-06	20	-0.108236	1.98302e-06
2	2.97018e-06	21	-0.0948757	1.46871e-06
2	2.97018e-06	22	-0.0815155	3.29743e-06
2	2.97018e-06	23	-0.0681554	6.78145e-06
2	2.97018e-06	24	-0.0547952	0.000122814
2	2.97018e-06	25	-0.041435	0.00271088
2	2.97018e-06	26	-0.0280749	0.0348279
2	2.97018e-06	27	-0.0147147	0.15953
2	2.97018e-06	28	-0.00135454	0.530245
2	2.97018e-06	29	0.0120056	0.219671
2	2.97018e-06	30	0.0253658	0.0474385
2	2.97018e-06	31	0.038726	0.00518539
2	2.97018e-06	32	0.0520861	0.000232637
2	2.97018e-06	33	0.0654463	1.20865e-05
2	2.97018e-06	34	0.0788065	5.40691e-06
2	2.97018e-06	35	0.0921666	1.96083e-06
2	2.97018e-06	36	0.105527	1.22304e-06
2	2.97018e-06	37	0.118887	0
2	2.97018e-06	38	0.132247	0
2	2.97018e-06	39	0.145607	0
2	2.97018e-06	40	0.158967	0
2	2.97018e-06	41	0.172328	0
2	2.97018e-06	42	0.185688	0
2	2.97018e-06	43	0.199048	0
2	2.97018e-06	44	0.212408	0
2	2.97018e-06	45	0.225768	0
2	2.97018e-06	46	0.239128	0
2	2.97018e-06	47	0.252489	0
2	2.97018e-06	48	0.265849	0
2	2.97018e-06	49	0.279209	0
3	4.15825e-06	0	-0.375439	0
3	4.15825e-06	1	-0.362079	0
3	4.15825e-06	2	-0.348719	0
3	4.15825e-06	3	-0.335359	0
3	4.15825e-06	4	-0.321999	0
3	4.15825e-06	5	-0.308638	0
3	4.15825e-06	6	-0.295278	0
3	4.15825e-06	7	-0.281918	0
3	4.15825e-06	8	-0.268558	0
3	4.15825e-06	9	-0.255198	0
3	4.15825e-06	10	-0.241838	0
3	4.15825e-06	11	-0.228477	0
3	4.15825e-06	12	-0.215117	4.82354e-07
3	4.15825e-06	13	-0.201757	0
3	4.15825e-06	14	-0.188397	0
3	4.15825e-06	15	-0.175037	4.8257e-07
3	4.15825e-06	16	-0.161677	4.78714e-07
3	4.15825e-06	17	-0.148316	0
3	4.15825e-06	18	-0.134956	0
3	4.15825e-06	19	-0.121596	1.01548e-06
3	4.15825e-06	20	-0.108236	1.00351e-06
3	4.15825e-06	21	-0.0948757	1.40577e-06
3	4.15825e-06	22	-0.0815155	2.21253e-06
3	4.15825e-06	23	-0.0681554	4.41295e-05
3	4.15825e-06	24	-0.0547952	0.000432493
3	4.15825e-06	25	-0.041435	0.00692491
3	4.15825e-06	26	-0.0280749	0.0390739
3	4.15825e-06	27	-0.0147147	0.184209
3	4.15825e-06	28	-0.00135454	0.461827
3	4.15825e-06	29	0.0120056	0.241186
3	4.15825e-06	30	0.0253658	0.054795
3	4.15825e-06	31	0.038726	0.0105764
3	4.15825e-06	32	0.0520861	0.000834135
3	4.15825e-06	33	0.0654463	7.16005e-05
3	4.15825e-06	34	0.0788065	8.34099e-06
3	4.15825e-06	35	0.0921666	3.73627e-06
3	4.15825e-06	36	0.105527	2.23524e-06
3	4.15825e-06	37	0.118887	1.93961e-06
3	4.15825e-06	38	0.132247	7.20946e-07
3	4.15825e-06	39	0.145607	7.19385e-07
3	4.15825e-06	40	0.158967	0
3	4.15825e-06	41	0.172328	0
3	4.15825e-06	42	0.185688	4.82354e-07
3	4.15825e-06	43	0.199048	0
3	4.15825e-06	44	0.212408	0
3	4.15825e-06	45	0.225768	0
3	4.15825e-06	46	0.239128	0
3	4.15825e-06	47	0.252489	0
3	4.15825e-06	48	0.265849	0
3	4.15825e-06	49	0.279209	0
4	5.34633e-06	0	-0.375439	0
4	5.34633e-06	1	-0.362079	0
4	5.34633e-06	2	-0.348719	0
4	5.34633e-06	3	-0.335359	0
4	5.34633e-06	4	-0.321999	0
4	5.34633e-06	5	-0.308638	0
4	5.34633e-06	6	-0.295278	0
4	5.34633e-06	7	-0.281918	0
4	5.34633e-06	8	-0.268558	0
4	5.34633e-06	9	-0.255198	0
4	5.34633e-06	10	-0.241838	0
4	5.34633e-06	11	-0.228477	0
4	5.34633e-06	12	-0.215117	0
4	5.34633e-06	13	-0.201757	0
4	5.34633e-06	14	-0.188397	0
4	5.34633e-06	15	-0.175037	1.26517e-06
4	5.34633e-06	16	-0.161677	0
4	5.34633e-06	17	-0.148316	6.31933e-07
4	5.34633e-06	18	-0.134956	0
4	5.34633e-06	19	-0.121596	6.33252e-07
4	5.34633e-06	20	-0.108236	8.1118e-07
4	5.34633e-06	21	-0.0948757	1.17141e-05
4	5.34633e-06	22	-0.0815155	1.76361e-05
4	5.34633e-06	23	-0.0681554	9.87179e-05
4	5.34633e-06	24	-0.0547952	0.00106579
4	5.34633e-06	25	-0.041435	0.00837398
4	5.34633e-06	26	-0.0280749	0.0498566
4	5.34633e-06	27	-0.0147147	0.185731
4	5.34633e-06	28	-0.00135454	0.445645
4	5.34633e-06	29	0.0120056	0.231234
4	5.34633e-06	30	0.0253658	0.0651713
4	5.34633e-06	31	0.038726	0.0110232
4	5.34633e-06	32	0.0520861	0.0015755
4	5.34633e-06	33	0.0654463	0.000147927
4	5.34633e-06	34	0.0788065	2.709e-05
4	5.34633e-06	35	0.0921666	1.13432e-05
4	5.34633e-06	36	0.105527	1.78665e-06
4	5.34633e-06	37	0.118887	8.92031e-07
4	5.34633e-06	38	0.132247	3.09529e-06
4	5.34633e-06	39	0.145607	0
4	5.34633e-06	40	0.158967	0
4	5.34633e-06	41	0.172328	0
4	5.34633e-06	42	0.185688	0
4	5.34633e-06	43	0.199048	0
4	5.34633e-06	44	0.212408	0
4	5.34633e-06	45	0.225768	0
4	5.34633e-06	46	0.239128	0
4	5.34633e-06	47	0.252489	4.23975e-07
4	5.34633e-06	48	0.265849	0
4	5.34633e-06	49	0.279209	0
5	6.5344e-06	0	-0.375439	0
5	6.5344e-06	1	-0.362079	0
5	6.5344e-06	2	-0.348719	0
5	6.5344e-06	3	-0.335359	0
5	6.5344e-06	4	-0.321999	0
5	6.5344e-06	5	-0.308638	0
5	6.5344e-06	6	-0.295278	0
5	6.5344e-06	7	-0.281918	0
5	6.5344e-06	8	-0.268558	0
5	6.5344e-06	9	-0.255198	0
5	6.5344e-06	10	-0.241838	0
5	6.5344e-06	11	-0.228477	0
5	6.5344e-06	12	-0.215117	0
5	6.5344e-06	13	-0.201757	6.82572e-07
5	6.5344e-06	14	-0.188397	0
5	6.5344e-06	15	-0.175037	0
5	6.5344e-06	16	-0.161677	0
5	6.5344e-06	17	-0.148316	0
5	6.5344e-06	18	-0.134956	3.5878e-06
5	6.5344e-06	19	-0.121596	9.67499e-07
5	6.5344e-06	20	-0.108236	1.71124e-06
5	6.5344e-06	21	-0.0948757	1.39497e-05
5	6.5344e-06	22	-0.0815155	2.47273e-05
5	6.5344e-06	23	-0.0681554	0.000250066
5	6.5344e-06	24	-0.0547952	0.00123361
5	6.5344e-06	25	-0.041435	0.0107728
5	6.5344e-06	26	-0.0280749	0.0653724
5	6.5344e-06	27	-0.0147147	0.208755
5	6.5344e-06	28	-0.00135454	0.367192
5	6.5344e-06	29	0.0120056	0.243798
5	6.5344e-06	30	0.0253658	0.0834201
5	6.5344e-06	31	0.038726	0.0168181
5	6.5344e-06	32	0.0520861	0.00195641
5	6.5344e-06	33	0.0654463	0.000314778
5	6.5344e-06	34	0.0788065	4.15638e-05
5	6.5344e-06	35	0.0921666	1.15295e-05
5	6.5344e-06	36	0.105527	6.57277e-06
5	6.5344e-06	37	0.118887	9.10396e-07
5	6.5344e-06	38	0.132247	6.42368e-06
5	6.5344e-06	39	0.145607	2.17286e-06
5	6.5344e-06	40	0.158967	9.56688e-07
5	6.5344e-06	41	0.172328	0
5	6.5344e-06	42	0.185688	0
5	6.5344e-06	43	0.199048	6.81032e-07
5	6.5344e-06	44	0.212408	0
5	6.5344e-06	45	0.225768	0
5	6.5344e-06	46	0.239128	0
5	6.5344e-06	47	0.252489	0
5	6.5344e-06	48	0.265849	0
5	6.5344e-06	49	0.279209	0
6	7.72247e-06	0	-0.375439	0
6	7.72247e-06	1	-0.362079	0
6	7.72247e-06	2	-0.348719	4.66843e-07
6	7.72247e-06	3	-0.335359	0
6	7.72247e-06	4	-0.321999	0
6	7.72247e-06	5	-0.308638	0
6	7.72247e-06	6	-0.295278	0
6	7.72247e-06	7	-0.281918	0
6	7.72247e-06	8	-0.268558	0
6	7.72247e-06	9	-0.255198	0
6	7.72247e-06	10	-0.241838	0
6	7.72247e-06	11	-0.228477	0
6	7.72247e-06	12	-0.215117	0
6	7.72247e-06	13	-0.201757	0
6	7.72247e-06	14	-0.188397	0
6	7.72247e-06	15	-0.175037	0
6	7.72247e-06	16	-0.161677	0
6	7.72247e-06	17	-0.148316	2.38391e-06
6	7.72247e-06	18	-0.134956	2.22584e-06
6	7.72247e-06	19	-0.121596	7.5439e-06
6	7.72247e-06	20	-0.108236	7.10899e-06
6	7.72247e-06	21	-0.0948757	9.92944e-06
6	7.72247e-06	22	-0.0815155	6.03133e-05
6	7.72247e-06	23	-0.0681554	0.000207016
6	7.72247e-06	24	-0.0547952	0.00155687
6	7.72247e-06	25	-0.041435	0.0156655
6	7.72247e-06	26	-0.0280749	0.0786535
6	7.72247e-06	27	-0.0147147	0.22254
6	7.72247e-06	28	-0.00135454	0.306096
6	7.72247e-06	29	0.0120056	0.24847
6	7.72247e-06	30	0.0253658	0.100624
6	7.72247e-06	31	0.038726	0.0231041
6	7.72247e-06	32	0.0520861	0.00259657
6	7.72247e-06	33	0.0654463	0.000284854
6	7.72247e-06	34	0.0788065	8.05544e-05
6	7.72247e-06	35	0.0921666	1.89176e-05
6	7.72247e-06	36	0.105527	5.78639e-06
6	7.72247e-06	37	0.118887	3.93313e-06
6	7.72247e-06	38	0.132247	8.62719e-07
6	7.72247e-06	39	0.145607	0
6	7.72247e-06	40	0.158967	0
6	7.72247e-06	41	0.172328	9.70702e-07
6	7.72247e-06	42	0.185688	9.82276e-07
6	7.72247e-06	43	0.199048	0
6	7.72247e-06	44	0.212408	0
6	7.72247e-06	45	0.225768	0
6	7.72247e-06	46	0.239128	0
6	7.72247e-06	47	0.252489	0
6	7.72247e-06	48	0.265849	0
6	7.72247e-06	49	0.279209	0
7	8.91054e-06	0	-0.375439	0
7	8.91054e-06	1	-0.362079	0
7	8.91054e-06	2	-0.348719	0
7	8.91054e-06	3	-0.335359	0
7	8.91054e-06	4	-0.321999	0
7	8.91054e-06	5	-0.308638	0
7	8.91054e-06	6	-0.295278	0
7	8.91054e-06	7	-0.281918	0
7	8.91054e-06	8	-0.268558	0
7	8.91054e-06	9	-0.255198	0
7	8.91054e-06	10	-0.241838	0
7	8.91054e-06	11	-0.228477	0
7	8.91054e-06	12	-0.215117	0
7	8.91054e-06	13	-0.201757	0
7	8.91054e-06	14	-0.188397	0
7	8.91054e-06	15	-0.175037	0
7	8.91054e-06	16	-0.161677	0
7	8.91054e-06	17	-0.148316	1.72896e-06
7	8.91054e-06	18	-0.134956	1.7966e-06
7	8.91054e-06	19	-0.121596	8.02721e-06
7	8.91054e-06	20	-0.108236	8.54082e-07
7	8.91054e-06	21	-0.0948757	1.62907e-05
7	8.91054e-06	22	-0.0815155	3.66366e-05
7	8.91054e-06	23	-0.0681554	0.000204113
7	8.91054e-06	24	-0.0547952	0.00223238
7	8.91054e-06	25	-0.041435	0.0197947
7	8.91054e-06	26	-0.0280749	0.0926078
7	8.91054e-06	27	-0.0147147	0.222199
7	8.91054e-06	28	-0.00135454	0.271172
7	8.91054e-06	29	0.0120056	0.241683
7	8.91054e-06	30	0.0253658	0.116494
7	8.91054e-06	31	0.038726	0.0294518
7	8.91054e-06	32	0.0520861	0.00367085
7	8.91054e-06	33	0.0654463	0.000298565
7	8.91054e-06	34	0.0788065	7.879e-05
7	8.91054e-06	35	0.0921666	2.66484e-05
7	8.91054e-06	36	0.105527	6.3355e-06
7	8.91054e-06	37	0.118887	7.71024e-06
7	8.91054e-06	38	0.132247	2.62236e-06
7	8.91054e-06	39	0.145607	9.94473e-07
7	8.91054e-06	40	0.158967	1.19156e-06
7	8.91054e-06	41	0.172328	1.23843e-06
7	8.91054e-06	42	0.185688	0
7	8.91054e-06	43	0.199048	0
7	8.91054e-06	44	0.212408	0
7	8.91054e-06	45	0.225768	0
7	8.91054e-06	46	0.239128	0
7	8.91054e-06	47	0.252489	0
7	8.91054e-06	48	0.265849	0
7	8.91054e-06	49	0.279209	0
8	1.00986e-05	0	-0.375439	0
8	1.00986e-05	1	-0.362079	0
8	1.00986e-05	2	-0.348719	0
8	1.00986e-05	3	-0.335359	0
8	1.00986e-05	4	-0.321999	0
8	1.00986e-05	5	-0.308638	0
8	1.00986e-05	6	-0.295278	0
8	1.00986e-05	7	-0.281918	0
8	1.00986e-05	8	-0.268558	7.07802e-07
8	1.00986e-05	9	-0.255198	0
8	1.00986e-05	10	-0.241838	0
8	1.00986e-05	11	-0.228477	0
8	1.00986e-05	12	-0.215117	0
8	1.00986e-05	13	-0.201757	0
8	1.00986e-05	14	-0.188397	1.2108e-06
8	1.00986e-05	15	-0.175037	0
8	1.00986e-05	16	-0.161677	2.14483e-06
8	1.00986e-05	17	-0.148316	2.02675e-06
8	1.00986e-05	18	-0.134956	0
8	1.00986e-05	19	-0.121596	1.93012e-06
8	1.00986e-05	20	-0.108236	7.35168e-06
8	1.00986e-05	21	-0.0948757	2.16835e-05
8	1.00986e-05	22	-0.0815155	4.41385e-05
8	1.00986e-05	23	-0.0681554	0.000260344
8	1.00986e-05	24	-0.0547952	0.00325166
8	1.00986e-05	25	-0.041435	0.0246663
8	1.00986e-05	26	-0.0280749	0.106781
8	1.00986e-05	27	-0.0147147	0.219362
8	1.00986e-05	28	-0.00135454	0.240337
8	1.00986e-05	29	0.0120056	0.232184
8	1.00986e-05	30	0.0253658	0.131603
8	1.00986e-05	31	0.038726	0.0359338
8	1.00986e-05	32	0.0520861	0.00495862
8	1.00986e-05	33	0.0654463	0.000471242
8	1.00986e-05	34	0.0788065	8.19023e-05
8	1.00986e-05	35	0.0921666	1.35286e-05
8	1.00986e-05	36	0.105527	2.64253e-06
8	1.00986e-05	37	0.118887	4.05387e-06
8	1.00986e-05	38	0.132247	9.49137e-07
8	1.00986e-05	39	0.145607	2.99615e-06
8	1.00986e-05	40	0.158967	8.82713e-07
8	1.00986e-05	41	0.172328	0
8	1.00986e-05	42	0.185688	0
8	1.00986e-05	43	0.199048	1.25881e-06
8	1.00986e-05	44	0.212408	1.21215e-06
8	1.00986e-05	45	0.225768	0
8	1.00986e-05	46	0.239128	0
8	1.00986e-05	47	0.252489	0
8	1.00986e-05	48	0.265849	0
8	1.00986e-05	49	0.279209	0
9	1.12867e-05	0	-0.375439	0
9	1.12867e-05	1	-0.362079	0
9	1.12867e-05	2	-0.348719	0
9	1.12867e-05	3	-0.335359	0
9	1.12867e-05	4	-0.321999	0
9	1.12867e-05	5	-0.308638	0
9	1.12867e-05	6	-0.295278	0
9	1.12867e-05	7	-0.281918	0
9	1.12867e-05	8	-0.268558	0
9	1.12867e-05	9	-0.255198	0
9	1.12867e-05	10	-0.241838	0
9	1.12867e-05	11	-0.228477	2.50936e-06
9	1.12867e-05	12	-0.215117	2.51044e-06
9	1.12867e-05	13	-0.201757	1.27798e-06
9	1.12867e-05	14	-0.188397	0
9	1.12867e-05	15	-0.175037	0
9	1.12867e-05	16	-0.161677	8.50936e-07
9	1.12867e-05	17	-0.148316	9.62215e-07
9	1.12867e-05	18	-0.134956	0
9	1.12867e-05	19	-0.121596	2.81554e-06
9	1.12867e-05	20	-0.108236	8.52407e-06
9	1.12867e-05	21	-0.0948757	9.04957e-06
9	1.12867e-05	22	-0.0815155	4.85026e-05
9	1.12867e-05	23	-0.0681554	0.000406801
9	1.12867e-05	24	-0.0547952	0.00408384
9	1.12867e-05	25	-0.041435	0.030435
9	1.12867e-05	26	-0.0280749	0.118206
9	1.12867e-05	27	-0.0147147	0.209681
9	1.12867e-05	28	-0.00135454	0.224121
9	1.12867e-05	29	0.0120056	0.219471
9	1.12867e-05	30	0.0253658	0.143419
9	1.12867e-05	31	0.038726	0.04301
9	1.12867e-05	32	0.0520861	0.00627888
9	1.12867e-05	33	0.0654463	0.000679176
9	1.12867e-05	34	0.0788065	9.11096e-05
9	1.12867e-05	35	0.0921666	2.44206e-05
9	1.12867e-05	36	0.105527	5.2664e-06
9	1.12867e-05	37	0.118887	3.84272e-06
9	1.12867e-05	38	0.132247	9.66917e-07
9	1.12867e-05	39	0.145607	9.01267e-07
9	1.12867e-05	40	0.158967	9.60856e-07
9	1.12867e-05	41	0.172328	8.31537e-07
9	1.12867e-05	42	0.185688	1.92327e-06
9	1.12867e-05	43	0.199048	0
9	1.12867e-05	44	0.212408	0
9	1.12867e-05	45	0.225768	0
9	1.12867e-05	46	0.239128	0
9	1.12867e-05	47	0.252489	1.00283e-06
9	1.12867e-05	48	0.265849	1.01482e-06
9	1.12867e-05	49	0.279209	0
10	1.24748e-05	0	-0.375439	0
10	1.24748e-05	1	-0.362079	0
10	1.24748e-05	2	-0.348719	0
10	1.24748e-05	3	-0.335359	0
10	1.24748e-05	4	-0.321999	0
10	1.24748e-05	5	-0.308638	0
10	1.24748e-05	6	-0.295278	0
10	1.24748e-05	7	-0.281918	0
10	1.24748e-05	8	-0.268558	0
10	1.24748e-05	9	-0.255198	0
10	1.24748e-05	10	-0.241838	0
10	1.24748e-05	11	-0.228477	1.26965e-06
10	1.24748e-05	12	-0.215117	0
10	1.24748e-05	13	-0.201757	0
10	1.24748e-05	14	-0.188397	0
10	1.24748e-05	15	-0.175037	0
10	1.24748e-05	16	-0.161677	0
10	1.24748e-05	17	-0.148316	3.0019e-06
10	1.24748e-05	18	-0.134956	9.98073e-07
10	1.24748e-05	19	-0.121596	2.21507e-06
10	1.24748e-05	20	-0.108236	3.9804e-06
10	1.24748e-05	21	-0.0948757	6.00926e-06
10	1.24748e-05	22	-0.0815155	6.66632e-05
10	1.24748e-05	23	-0.0681554	0.000600024
10	1.24748e-05	24	-0.0547952	0.00499238
10	1.24748e-05	25	-0.041435	0.0360097
10	1.24748e-05	26	-0.0280749	0.127876
10	1.24748e-05	27	-0.0147147	0.203507
10	1.24748e-05	28	-0.00135454	0.20514
10	1.24748e-05	29	0.0120056	0.210382
10	1.24748e-05	30	0.0253658	0.151952
10	1.24748e-05	31	0.038726	0.0506108
10	1.24748e-05	32	0.0520861	0.00781714
10	1.24748e-05	33	0.0654463	0.000901127
10	1.24748e-05	34	0.0788065	0.000103009
10	1.24748e-05	35	0.0921666	1.09466e-05
10	1.24748e-05	36	0.105527	4.00877e-06
10	1.24748e-05	37	0.118887	6.23669e-06
10	1.24748e-05	38	0.132247	9.96444e-07
10	1.24748e-05	39	0.145607	1.03348e-06
10	1.24748e-05	40	0.158967	9.98496e-07
10	1.24748e-05	41	0.172328	0
10	1.24748e-05	42	0.185688	0
10	1.24748e-05	43	0.199048	0
10	1.24748e-05	44	0.212408	1.33723e-06
10	1.24748e-05	45	0.225768	0
10	1.24748e-05	46	0.239128	0
10	1.24748e-05	47	0.252489	0
10	1.24748e-05	48	0.265849	0
10	1.24748e-05	49	0.279209	0
11	1.36628e-05	0	-0.375439	0
11	1.36628e-05	1	-0.362079	0
11	1.36628e-05	2	-0.348719	0
11	1.36628e-05	3	-0.335359	0
11	1.36628e-05	4	-0.321999	0
11	1.36628e-05	5	-0.308638	0
11	1.36628e-05	6	-0.295278	0
11	1.36628e-05	7	-0.281918	0
11	1.36628e-05	8	-0.268558	0
11	1.36628e-05	9	-0.255198	0
11	1.36628e-05	10	-0.241838	1.38865e-06
11	1.36628e-05	11	-0.228477	0
11	1.36628e-05	12	-0.215117	0
11	1.36628e-05	13	-0.201757	0
11	1.36628e-05	14	-0.188397	0
11	1.36628e-05	15	-0.175037	1.04406e-06
11	1.36628e-05	16	-0.161677	2.23558e-06
11	1.36628e-05	17	-0.148316	0
11	1.36628e-05	18	-0.134956	2.09642e-06
11	1.36628e-05	19	-0.121596	4.44334e-06
11	1.36628e-05	20	-0.108236	7.32354e-06
11	1.36628e-05	21	-0.0948757	6.27047e-06
11	1.36628e-05	22	-0.0815155	0.00011939
11	1.36628e-05	23	-0.0681554	0.000754143
11	1.36628e-05	24	-0.0547952	0.00623312
11	1.36628e-05	25	-0.041435	0.0441569
11	1.36628e-05	26	-0.0280749	0.133801
11	1.36628e-05	27	-0.0147147	0.197423
11	1.36628e-05	28	-0.00135454	0.190514
11	1.36628e-05	29	0.0120056	0.201817
11	1.36628e-05	30	0.0253658	0.154652
11	1.36628e-05	31	0.038726	0.0593093
11	1.36628e-05	32	0.0520861	0.00994947
11	1.36628e-05	33	0.0654463	0.00106452
11	1.36628e-05	34	0.0788065	0.000145115
11	1.36628e-05	35	0.0921666	1.87017e-05
11	1.36628e-05	36	0.105527	5.20286e-06
11	1.36628e-05	37	0.118887	3.12197e-06
11	1.36628e-05	38	0.132247	3.37461e-06
11	1.36628e-05	39	0.145607	2.11354e-06
11	1.36628e-05	40	0.158967	2.10588e-06
11	1.36628e-05	41	0.172328	2.37209e-06
11	1.36628e-05	42	0.185688	0
11	1.36628e-05	43	0.199048	0
11	1.36628e-05	44	0.212408	0
11	1.36628e-05	45	0.225768	0
11	1.36628e-05	46	0.239128	0
11	1.36628e-05	47	0.252489	0
11	1.36628e-05	48	0.265849	0
11	1.36628e-05	49	0.279209	0
12	1.48509e-05	0	-0.375439	0
12	1.48509e-05	1	-0.362079	0
12	1.48509e-05	2	-0.348719	0
12	1.48509e-05	3	-0.335359	0
12	1.48509e-05	4	-0.321999	0
12	1.48509e-05	5	-0.308638	0
12	1.48509e-05	6	-0.295278	0
12	1.48509e-05	7	-0.281918	0
12	1.48509e-05	8	-0.268558	0
12	1.48509e-05	9	-0.255198	0
12	1.48509e-05	10	-0.241838	0
12	1.48509e-05	11	-0.228477	0
12	1.48509e-05	12	-0.215117	0
12	1.48509e-05	13	-0.201757	0
12	1.48509e-05	14	-0.188397	0
12	1.48509e-05	15	-0.175037	0
12	1.48509e-05	16	-0.161677	3.35665e-06
12	1.48509e-05	17	-0.148316	3.36957e-06
12	1.48509e-05	18	-0.134956	5.5787e-06
12	1.48509e-05	19	-0.121596	3.28582e-06
12	1.48509e-05	20	-0.108236	6.68697e-06
12	1.48509e-05	21	-0.0948757	1.21681e-05
12	1.48509e-05	22	-0.0815155	0.000145669
12	1.48509e-05	23	-0.0681554	0.000898013
12	1.48509e-05	24	-0.0547952	0.00791009
12	1.48509e-05	25	-0.041435	0.0514583
12	1.48509e-05	26	-0.0280749	0.13773
12	1.48509e-05	27	-0.0147147	0.190768
12	1.48509e-05	28	-0.00135454	0.183011
12	1.48509e-05	29	0.0120056	0.194013
12	1.48509e-05	30	0.0253658	0.152855
12	1.48509e-05	31	0.038726	0.06707
12	1.48509e-05	32	0.0520861	0.0124632
12	1.48509e-05	33	0.0654463	0.00139353
12	1.48509e-05	34	0.0788065	0.000199513
12	1.48509e-05	35	0.0921666	3.2448e-05
12	1.48509e-05	36	0.105527	8.91411e-06
12	1.48509e-05	37	0.118887	2.18812e-06
12	1.48509e-05	38	0.132247	1.11077e-06
12	1.48509e-05	39	0.145607	1.11135e-06
12	1.48509e-05	40	0.158967	1.11995e-06
12	1.48509e-05	41	0.172328	0
12	1.48509e-05	42	0.185688	0
12	1.48509e-05	43	0.199048	0
12	1.48509e-05	44	0.212408	0
12	1.48509e-05	45	0.225768	0
12	1.48509e-05	46	0.239128	0
12	1.48509e-05	47	0.252489	0
12	1.48509e-05	48	0.265849	0
12	1.48509e-05	49	0.279209	2.8863e-06
13	1.6039e-05	0	-0.375439	0
13	1.6039e-05	1	-0.362079	0
13	1.6039e-05	2	-0.348719	0
13	1.6039e-05	3	-0.335359	0
13	1.6039e-05	4	-0.321999	0
13	1.6039e-05	5	-0.308638	0
13	1.6039e-05	6	-0.295278	0
13	1.6039e-05	7	-0.281918	0
13	1.6039e-05	8	-0.268558	0
13	1.6039e-05	9	-0.255198	0
13	1.6039e-05	10	-0.241838	0
13	1.6039e-05	11	-0.228477	0
13	1.6039e-05	12	-0.215117	0
13	1.6039e-05	13	-0.201757	0
13	1.6039e-05	14	-0.188397	0
13	1.6039e-05	15	-0.175037	0
13	1.6039e-05	16	-0.161677	0
13	1.6039e-05	17	-0.148316	1.20021e-06
13	1.6039e-05	18	-0.134956	1.16745e-06
13	1.6039e-05	19	-0.121596	1.20637e-06
13	1.6039e-05	20	-0.108236	7.13425e-06
13	1.6039e-05	21	-0.0948757	1.40804e-05
13	1.6039e-05	22	-0.0815155	0.000147028
13	1.6039e-05	23	-0.0681554	0.00106929
13	1.6039e-05	24	-0.0547952	0.0101023
13	1.6039e-05	25	-0.041435	0.0570693
13	1.6039e-05	26	-0.0280749	0.135811
13	1.6039e-05	27	-0.0147147	0.185608
13	1.6039e-05	28	-0.00135454	0.181864
13	1.6039e-05	29	0.0120056	0.190207
13	1.6039e-05	30	0.0253658	0.146875
13	1.6039e-05	31	0.038726	0.0732417
13	1.6039e-05	32	0.0520861	0.0160354
13	1.6039e-05	33	0.0654463	0.00168437
13	1.6039e-05	34	0.0788065	0.000210626
13	1.6039e-05	35	0.0921666	3.19938e-05
13	1.6039e-05	36	0.105527	8.39247e-06
13	1.6039e-05	37	0.118887	4.8115e-06
13	1.6039e-05	38	0.132247	2.40768e-06
13	1.6039e-05	39	0.145607	1.20073e-06
13	1.6039e-05	40	0.158967	0
13	1.6039e-05	41	0.172328	0
13	1.6039e-05	42	0.185688	1.60323e-06
13	1.6039e-05	43	0.199048	0
13	1.6039e-05	44	0.212408	0
13	1.6039e-05	45	0.225768	0
13	1.6039e-05	46	0.239128	0
13	1.6039e-05	47	0.252489	0
13	1.6039e-05	48	0.265849	0
13	1.6039e-05	49	0.279209	0
14	1.72271e-05	0	-0.375439	0
14	1.72271e-05	1	-0.362079	0
14	1.72271e-05	2	-0.348719	0
14	1.72271e-05	3	-0.335359	0
14	1.72271e-05	4	-0.321999	0
14	1.72271e-05	5	-0.308638	0
14	1.72271e-05	6	-0.295278	0
14	1.72271e-05	7	-0.281918	0
14	1.72271e-05	8	-0.268558	0
14	1.72271e-05	9	-0.255198	0
14	1.72271e-05	10	-0.241838	0
14	1.72271e-05	11	-0.228477	0
14	1.72271e-05	12	-0.215117	0
14	1.72271e-05	13	-0.201757	0
14	1.72271e-05	14	-0.188397	0
14	1.72271e-05	15	-0.175037	1.32445e-06
14	1.72271e-05	16	-0.161677	1.31512e-06
14	1.72271e-05	17	-0.148316	2.59163e-06
14	1.72271e-05	18	-0.134956	5.22066e-06
14	1.72271e-05	19	-0.121596	1.17679e-05
14	1.72271e-05	20	-0.108236	7.8497e-06
14	1.72271e-05	21	-0.0948757	2.97241e-05
14	1.72271e-05	22	-0.0815155	0.000185468
14	1.72271e-05	23	-0.0681554	0.00128796
14	1.72271e-05	24	-0.0547952	0.0123536
14	1.72271e-05	25	-0.041435	0.0622627
14	1.72271e-05	26	-0.0280749	0.130097
14	1.72271e-05	27	-0.0147147	0.183879
14	1.72271e-05	28	-0.00135454	0.181698
14	1.72271e-05	29	0.0120056	0.188772
14	1.72271e-05	30	0.0253658	0.139139
14	1.72271e-05	31	0.038726	0.0779624
14	1.72271e-05	32	0.0520861	0.0199499
14	1.72271e-05	33	0.0654463	0.0019942
14	1.72271e-05	34	0.0788065	0.000282357
14	1.72271e-05	35	0.0921666	5.1688e-05
14	1.72271e-05	36	0.105527	1.30242e-05
14	1.72271e-05	37	0.118887	2.61969e-06
14	1.72271e-05	38	0.132247	3.9298e-06
14	1.72271e-05	39	0.145607	2.61969e-06
14	1.72271e-05	40	0.158967	0
14	1.72271e-05	41	0.172328	1.30985e-06
14	1.72271e-05	42	0.185688	0
14	1.72271e-05	43	0.199048	0
14	1.72271e-05	44	0.212408	1.30318e-06
14	1.72271e-05	45	0.225768	0
14	1.72271e-05	46	0.239128	0
14	1.72271e-05	47	0.252489	0
14	1.72271e-05	48	0.265849	0
14	1.72271e-05	49	0.279209	0
15	1.84151e-05	0	-0.375439	0
15	1.84151e-05	1	-0.362079	0
15	1.84151e-05	2	-0.348719	0
15	1.84151e-05	3	-0.335359	0
15	1.84151e-05	4	-0.321999	0
15	1.84151e-05	5	-0.308638	0
15	1.84151e-05	6	-0.295278	0
15	1.84151e-05	7	-0.281918	0
15	1.84151e-05	8	-0.268558	0
15	1.84151e-05	9	-0.255198	0
15	1.84151e-05	10	-0.241838	0
15	1.84151e-05	11	-0.228477	0
15	1.84151e-05	12	-0.215117	0
15	1.84151e-05	13	-0.201757	0
15	1.84151e-05	14	-0.188397	0
15	1.84151e-05	15	-0.175037	0
15	1.84151e-05	16	-0.161677	0
15	1.84151e-05	17	-0.148316	0
15	1.84151e-05	18	-0.134956	2.89991e-06
15	1.84151e-05	19	-0.121596	1.42804e-06
15	1.84151e-05	20	-0.108236	1.28024e-05
15	1.84151e-05	21	-0.0948757	2.42885e-05
15	1.84151e-05	22	-0.0815155	0.000186368
15	1.84151e-05	23	-0.0681554	0.00163938
15	1.84151e-05	24	-0.0547952	0.0144421
15	1.84151e-05	25	-0.041435	0.0636384
15	1.84151e-05	26	-0.0280749	0.123694
15	1.84151e-05	27	-0.0147147	0.182245
15	1.84151e-05	28	-0.00135454	0.192071
15	1.84151e-05	29	0.0120056	0.188483
15	1.84151e-05	30	0.0253658	0.130326
15	1.84151e-05	31	0.038726	0.0777704
15	1.84151e-05	32	0.0520861	0.0223776
15	1.84151e-05	33	0.0654463	0.00267414
15	1.84151e-05	34	0.0788065	0.000321023
15	1.84151e-05	35	0.0921666	6.017e-05
15	1.84151e-05	36	0.105527	1.57672e-05
15	1.84151e-05	37	0.118887	5.71578e-06
15	1.84151e-05	38	0.132247	2.90254e-06
15	1.84151e-05	39	0.145607	2.85411e-06
15	1.84151e-05	40	0.158967	0
15	1.84151e-05	41	0.172328	0
15	1.84151e-05	42	0.185688	0
15	1.84151e-05	43	0.199048	0
15	1.84151e-05	44	0.212408	1.44743e-06
15	1.84151e-05	45	0.225768	0
15	1.84151e-05	46	0.239128	0
15	1.84151e-05	47	0.252489	1.44648e-06
15	1.84151e-05	48	0.265849	0
15	1.84151e-05	49	0.279209	0
16	1.96032e-05	0	-0.375439	0
16	1.96032e-05	1	-0.362079	0
16	1.96032e-05	2	-0.348719	0
16	1.96032e-05	3	-0.335359	0
16	1.96032e-05	4	-0.321999	0
16	1.96032e-05	5	-0.308638	0
16	1.96032e-05	6	-0.295278	0
16	1.96032e-05	7	-0.281918	0
16	1.96032e-05	8	-0.268558	0
16	1.96032e-05	9	-0.255198	0
16	1.96032e-05	10	-0.241838	0
16	1.96032e-05	11	-0.228477	0
16	1.96032e-05	12	-0.215117	0
16	1.96032e-05	13	-0.201757	0
16	1.96032e-05	14	-0.188397	0
16	1.96032e-05	15	-0.175037	0
16	1.96032e-05	16	-0.161677	1.6073e-06
16	1.96032e-05	17	-0.148316	0
16	1.96032e-05	18	-0.134956	4.86683e-06
16	1.96032e-05	19	-0.121596	4.94672e-06
16	1.96032e-05	20	-0.108236	1.96264e-05
16	1.96032e-05	21	-0.0948757	3.45726e-05
16	1.96032e-05	22	-0.0815155	0.000238471
16	1.96032e-05	23	-0.0681554	0.00201336
16	1.96032e-05	24	-0.0547952	0.0163402
16	1.96032e-05	25	-0.041435	0.0655099
16	1.96032e-05	26	-0.0280749	0.115121
16	1.96032e-05	27	-0.0147147	0.183204
16	1.96032e-05	28	-0.00135454	0.198552
16	1.96032e-05	29	0.0120056	0.191549
16	1.96032e-05	30	0.0253658	0.125371
16	1.96032e-05	31	0.038726	0.0752839
16	1.96032e-05	32	0.0520861	0.0232864
16	1.96032e-05	33	0.0654463	0.00302963
16	1.96032e-05	34	0.0788065	0.000350351
16	1.96032e-05	35	0.0921666	5.23356e-05
16	1.96032e-05	36	0.105527	1.78942e-05
16	1.96032e-05	37	0.118887	6.54265e-06
16	1.96032e-05	38	0.132247	3.28762e-06
16	1.96032e-05	39	0.145607	0
16	1.96032e-05	40	0.158967	1.6577e-06
16	1.96032e-05	41	0.172328	0
16	1.96032e-05	42	0.185688	0
16	1.96032e-05	43	0.199048	1.66269e-06
16	1.96032e-05	44	0.212408	0
16	1.96032e-05	45	0.225768	0
16	1.96032e-05	46	0.239128	1.64413e-06
16	1.96032e-05	47	0.252489	0
16	1.96032e-05	48	0.265849	0
16	1.96032e-05	49	0.279209	0
17	2.07913e-05	0	-0.375439	0
17	2.07913e-05	1	-0.362079	2.51866e-06
17	2.07913e-05	2	-0.348719	0
17	2.07913e-05	3	-0.335359	0
17	2.07913e-05	4	-0.321999	0
17	2.07913e-05	5	-0.308638	0
17	2.07913e-05	6	-0.295278	0
17	2.07913e-05	7	-0.281918	0
17	2.07913e-05	8	-0.268558	0
17	2.07913e-05	9	-0.255198	0
17	2.07913e-05	10	-0.241838	0
17	2.07913e-05	11	-0.228477	0
17	2.07913e-05	12	-0.215117	0
17	2.07913e-05	13	-0.201757	0
17	2.07913e-05	14	-0.188397	1.91925e-06
17	2.07913e-05	15	-0.175037	0
17	2.07913e-05	16	-0.161677	0
17	2.07913e-05	17	-0.148316	0
17	2.07913e-05	18	-0.134956	3.83308e-06
17	2.07913e-05	19	-0.121596	7.54752e-06
17	2.07913e-05	20	-0.108236	7.58527e-06
17	2.07913e-05	21	-0.0948757	3.99761e-05
17	2.07913e-05	22	-0.0815155	0.000255346
17	2.07913e-05	23	-0.0681554	0.00251368
17	2.07913e-05	24	-0.0547952	0.0174971
17	2.07913e-05	25	-0.041435	0.0644757
17	2.07913e-05	26	-0.0280749	0.108324
17	2.07913e-05	27	-0.0147147	0.184558
17	2.07913e-05	28	-0.00135454	0.208791
17	2.07913e-05	29	0.0120056	0.197676
17	2.07913e-05	30	0.0253658	0.118643
17	2.07913e-05	31	0.038726	0.0696609
17	2.07913e-05	32	0.0520861	0.0235853
17	2.07913e-05	33	0.0654463	0.00342381
17	2.07913e-05	34	0.0788065	0.000425004
17	2.07913e-05	35	0.0921666	7.04542e-05
17	2.07913e-05	36	0.105527	1.8912e-05
17	2.07913e-05	37	0.118887	7.46208e-06
17	2.07913e-05	38	0.132247	1.84711e-06
17	2.07913e-05	39	0.145607	1.90514e-06
17	2.07913e-05	40	0.158967	0
17	2.07913e-05	41	0.172328	1.90514e-06
17	2.07913e-05	42	0.185688	1.90086e-06
17	2.07913e-05	43	0.199048	1.90651e-06
17	2.07913e-05	44	0.212408	1.9136e-06
17	2.07913e-05	45	0.225768	0
17	2.07913e-05	46	0.239128	0
17	2.07913e-05	47	0.252489	0
17	2.07913e-05	48	0.265849	0
17	2.07913e-05	49	0.279209	0
18	2.19793e-05	0	-0.375439	2.85988e-06
18	2.19793e-05	1	-0.362079	0
18	2.19793e-05	2	-0.348719	0
18	2.19793e-05	3	-0.335359	0
18	2.19793e-05	4	-0.321999	0
18	2.19793e-05	5	-0.308638	0
18	2.19793e-05	6	-0.295278	0
18	2.19793e-05	7	-0.281918	0
18	2.19793e-05	8	-0.268558	0
18	2.19793e-05	9	-0.255198	0
18	2.19793e-05	10	-0.241838	0
18	2.19793e-05	11	-0.228477	0
18	2.19793e-05	12	-0.215117	0
18	2.19793e-05	13	-0.201757	0
18	2.19793e-05	14	-0.188397	0
18	2.19793e-05	15	-0.175037	0
18	2.19793e-05	16	-0.161677	0
18	2.19793e-05	17	-0.148316	0
18	2.19793e-05	18	-0.134956	0
18	2.19793e-05	19	-0.121596	0
18	2.19793e-05	20	-0.108236	1.11364e-05
18	2.19793e-05	21	-0.0948757	4.24497e-05
18	2.19793e-05	22	-0.0815155	0.000321139
18	2.19793e-05	23	-0.0681554	0.00316845
18	2.19793e-05	24	-0.0547952	0.0182311
18	2.19793e-05	25	-0.041435	0.0574376
18	2.19793e-05	26	-0.0280749	0.102371
18	2.19793e-05	27	-0.0147147	0.189561
18	2.19793e-05	28	-0.00135454	0.218055
18	2.19793e-05	29	0.0120056	0.205128
18	2.19793e-05	30	0.0253658	0.112658
18	2.19793e-05	31	0.038726	0.0635916
18	2.19793e-05	32	0.0520861	0.0247544
18	2.19793e-05	33	0.0654463	0.00395967
18	2.19793e-05	34	0.0788065	0.000584117
18	2.19793e-05	35	0.0921666	8.75612e-05
18	2.19793e-05	36	0.105527	1.78987e-05
18	2.19793e-05	37	0.118887	4.38481e-06
18	2.19793e-05	38	0.132247	0
18	2.19793e-05	39	0.145607	2.24402e-06
18	2.19793e-05	40	0.158967	2.24482e-06
18	2.19793e-05	41	0.172328	2.20273e-06
18	2.19793e-05	42	0.185688	2.24409e-06
18	2.19793e-05	43	0.199048	4.48891e-06
18	2.19793e-05	44	0.212408	0
18	2.19793e-05	45	0.225768	0
18	2.19793e-05	46	0.239128	0
18	2.19793e-05	47	0.252489	0
18	2.19793e-05	48	0.265849	0
18	2.19793e-05	49	0.279209	0
19	2.31674e-05	0	-0.375439	0
19	2.31674e-05	1	-0.362079	0
19	2.31674e-05	2	-0.348719	0
19	2.31674e-05	3	-0.335359	0
19	2.31674e-05	4	-0.321999	0
19	2.31674e-05	5	-0.308638	0
19	2.31674e-05	6	-0.295278	0
19	2.31674e-05	7	-0.281918	0
19	2.31674e-05	8	-0.268558	0
19	2.31674e-05	9	-0.255198	0
19	2.31674e-05	10	-0.241838	0
19	2.31674e-05	11	-0.228477	0
19	2.31674e-05	12	-0.215117	0
19	2.31674e-05	13	-0.201757	0
19	2.31674e-05	14	-0.188397	0
19	2.31674e-05	15	-0.175037	0
19	2.31674e-05	16	-0.161677	0
19	2.31674e-05	17	-0.148316	0
19	2.31674e-05	18	-0.134956	0
19	2.31674e-05	19	-0.121596	1.3208e-05
19	2.31674e-05	20	-0.108236	2.67696e-06
19	2.31674e-05	21	-0.0948757	3.48737e-05
19	2.31674e-05	22	-0.0815155	0.000428614
19	2.31674e-05	23	-0.0681554	0.00370098
19	2.31674e-05	24	-0.0547952	0.017839
19	2.31674e-05	25	-0.041435	0.0489225
19	2.31674e-05	26	-0.0280749	0.0933507
19	2.31674e-05	27	-0.0147147	0.19611
19	2.31674e-05	28	-0.00135454	0.23412
19	2.31674e-05	29	0.0120056	0.210119
19	2.31674e-05	30	0.0253658	0.10714
19	2.31674e-05	31	0.038726	0.0576217
19	2.31674e-05	32	0.0520861	0.0246808
19	2.31674e-05	33	0.0654463	0.00493559
19	2.31674e-05	34	0.0788065	0.000843369
19	2.31674e-05	35	0.0921666	9.65355e-05
19	2.31674e-05	36	0.105527	1.87529e-05
19	2.31674e-05	37	0.118887	5.34895e-06
19	2.31674e-05	38	0.132247	2.67692e-06
19	2.31674e-05	39	0.145607	2.6943e-06
19	2.31674e-05	40	0.158967	8.02668e-06
19	2.31674e-05	41	0.172328	0
19	2.31674e-05	42	0.185688	0
19	2.31674e-05	43	0.199048	0
19	2.31674e-05	44	0.212408	2.67692e-06
19	2.31674e-05	45	0.225768	0
19	2.31674e-05	46	0.239128	0
19	2.31674e-05	47	0.252489	0
19	2.31674e-05	48	0.265849	0
19	2.31674e-05	49	0.279209	0
20	2.43555e-05	0	-0.375439	0
20	2.43555e-05	1	-0.362079	0
20	2.43555e-05	2	-0.348719	0
20	2.43555e-05	3	-0.335359	0
20	2.43555e-05	4	-0.321999	0
20	2.43555e-05	5	-0.308638	0
20	2.43555e-05	6	-0.295278	0
20	2.43555e-05	7	-0.281918	0
20	2.43555e-05	8	-0.268558	3.21194e-06
20	2.43555e-05	9	-0.255198	0
20	2.43555e-05	10	-0.241838	0
20	2.43555e-05	11	-0.228477	0
20	2.43555e-05	12	-0.215117	0
20	2.43555e-05	13	-0.201757	0
20	2.43555e-05	14	-0.188397	0
20	2.43555e-05	15	-0.175037	0
20	2.43555e-05	16	-0.161677	3.21942e-06
20	2.43555e-05	17	-0.148316	0
20	2.43555e-05	18	-0.134956	0
20	2.43555e-05	19	-0.121596	3.19314e-06
20	2.43555e-05	20	-0.108236	9.70252e-06
20	2.43555e-05	21	-0.0948757	4.19256e-05
20	2.43555e-05	22	-0.0815155	0.000426449
20	2.43555e-05	23	-0.0681554	0.00403364
20	2.43555e-05	24	-0.0547952	0.0175687
20	2.43555e-05	25	-0.041435	0.0418711
20	2.43555e-05	26	-0.0280749	0.0864966
20	2.43555e-05	27	-0.0147147	0.197341
20	2.43555e-05	28	-0.00135454	0.247895
20	2.43555e-05	29	0.0120056	0.215035
20	2.43555e-05	30	0.0253658	0.105008
20	2.43555e-05	31	0.038726	0.0535557
20	2.43555e-05	32	0.0520861	0.0246384
20	2.43555e-05	33	0.0654463	0.00499643
20	2.43555e-05	34	0.0788065	0.000923561
20	2.43555e-05	35	0.0921666	8.07405e-05
20	2.43555e-05	36	0.105527	3.87363e-05
20	2.43555e-05	37	0.118887	9.65405e-06
20	2.43555e-05	38	0.132247	6.47927e-06
20	2.43555e-05	39	0.145607	0
20	2.43555e-05	40	0.158967	3.22816e-06
20	2.43555e-05	41	0.172328	3.24195e-06
20	2.43555e-05	42	0.185688	3.23027e-06
20	2.43555e-05	43	0.199048	0
20	2.43555e-05	44	0.212408	3.22816e-06
20	2.43555e-05	45	0.225768	0
20	2.43555e-05	46	0.239128	0
20	2.43555e-05	47	0.252489	0
20	2.43555e-05	48	0.265849	0
20	2.43555e-05	49	0.279209	0
21	2.55436e-05	0	-0.375439	0
21	2.55436e-05	1	-0.362079	0
21	2.55436e-05	2	-0.348719	0
21	2.55436e-05	3	-0.335359	0
21	2.55436e-05	4	-0.321999	0
21	2.55436e-05	5	-0.308638	0
21	2.55436e-05	6	-0.295278	0
21	2.55436e-05	7	-0.281918	0
21	2.55436e-05	8	-0.268558	0
21	2.55436e-05	9	-0.255198	0
21	2.55436e-05	10	-0.241838	0
21	2.55436e-05	11	-0.228477	0
21	2.55436e-05	12	-0.215117	0
21	2.55436e-05	13	-0.201757	0
21	2.55436e-05	14	-0.188397	0
21	2.55436e-05	15	-0.175037	0
21	2.55436e-05	16	-0.161677	0
21	2.55436e-05	17	-0.148316	0
21	2.55436e-05	18	-0.134956	0
21	2.55436e-05	19	-0.121596	0
21	2.55436e-05	20	-0.108236	2.76209e-05
21	2.55436e-05	21	-0.0948757	4.33928e-05
21	2.55436e-05	22	-0.0815155	0.000426446
21	2.55436e-05	23	-0.0681554	0.00472724
21	2.55436e-05	24	-0.0547952	0.0191262
21	2.55436e-05	25	-0.041435	0.0374329
21	2.55436e-05	26	-0.0280749	0.078527
21	2.55436e-05	27	-0.0147147	0.199749
21	2.55436e-05	28	-0.00135454	0.259576
21	2.55436e-05	29	0.0120056	0.221794
21	2.55436e-05	30	0.0253658	0.102333
21	2.55436e-05	31	0.038726	0.0471472
21	2.55436e-05	32	0.0520861	0.0225029
21	2.55436e-05	33	0.0654463	0.00551273
21	2.55436e-05	34	0.0788065	0.00086797
21	2.55436e-05	35	0.0921666	0.00017358
21	2.55436e-05	36	0.105527	3.94432e-06
21	2.55436e-05	37	0.118887	3.96066e-06
21	2.55436e-05	38	0.132247	7.89276e-06
21	2.55436e-05	39	0.145607	0
21	2.55436e-05	40	0.158967	7.89532e-06
21	2.55436e-05	41	0.172328	3.94689e-06
21	2.55436e-05	42	0.185688	3.94432e-06
21	2.55436e-05	43	0.199048	0
21	2.55436e-05	44	0.212408	0
21	2.55436e-05	45	0.225768	0
21	2.55436e-05	46	0.239128	0
21	2.55436e-05	47	0.252489	0
21	2.55436e-05	48	0.265849	0
21	2.55436e-05	49	0.279209	0
22	2.67316e-05	0	-0.375439	0
22	2.67316e-05	1	-0.362079	0
22	2.67316e-05	2	-0.348719	0
22	2.67316e-05	3	-0.335359	0
22	2.67316e-05	4	-0.321999	0
22	2.67316e-05	5	-0.308638	0
22	2.67316e-05	6	-0.295278	0
22	2.67316e-05	7	-0.281918	0
22	2.67316e-05	8	-0.268558	0
22	2.67316e-05	9	-0.255198	0
22	2.67316e-05	10	-0.241838	0
22	2.67316e-05	11	-0.228477	0
22	2.67316e-05	12	-0.215117	0
22	2.67316e-05	13	-0.201757	0
22	2.67316e-05	14	-0.188397	0
22	2.67316e-05	15	-0.175037	4.94618e-06
22	2.67316e-05	16	-0.161677	0
22	2.67316e-05	17	-0.148316	0
22	2.67316e-05	18	-0.134956	4.86489e-06
22	2.67316e-05	19	-0.121596	4.88312e-06
22	2.67316e-05	20	-0.108236	4.90567e-06
22	2.67316e-05	21	-0.0948757	7.38706e-05
22	2.67316e-05	22	-0.0815155	0.000500649
22	2.67316e-05	23	-0.0681554	0.00496679
22	2.67316e-05	24	-0.0547952	0.0173443
22	2.67316e-05	25	-0.041435	0.0361632
22	2.67316e-05	26	-0.0280749	0.0718857
22	2.67316e-05	27	-0.0147147	0.199695
22	2.67316e-05	28	-0.00135454	0.276977
22	2.67316e-05	29	0.0120056	0.228934
22	2.67316e-05	30	0.0253658	0.096908
22	2.67316e-05	31	0.038726	0.0411261
22	2.67316e-05	32	0.0520861	0.0190311
22	2.67316e-05	33	0.0654463	0.00514355
22	2.67316e-05	34	0.0788065	0.00102069
22	2.67316e-05	35	0.0921666	0.000157026
22	2.67316e-05	36	0.105527	1.47182e-05
22	2.67316e-05	37	0.118887	9.81124e-06
22	2.67316e-05	38	0.132247	9.83236e-06
22	2.67316e-05	39	0.145607	4.90586e-06
22	2.67316e-05	40	0.158967	4.91674e-06
22	2.67316e-05	41	0.172328	4.91194e-06
22	2.67316e-05	42	0.185688	4.90554e-06
22	2.67316e-05	43	0.199048	0
22	2.67316e-05	44	0.212408	0
22	2.67316e-05	45	0.225768	0
22	2.67316e-05	46	0.239128	0
22	2.67316e-05	47	0.252489	0
22	2.67316e-05	48	0.265849	0
22	2.67316e-05	49	0.279209	0
23	2.79197e-05	0	-0.375439	0
23	2.79197e-05	1	-0.362079	0
23	2.79197e-05	2	-0.348719	0
23	2.79197e-05	3	-0.335359	0
23	2.79197e-05	4	-0.321999	0
23	2.79197e-05	5	-0.308638	0
23	2.79197e-05	6	-0.295278	0
23	2.79197e-05	7	-0.281918	0
23	2.79197e-05	8	-0.268558	0
23	2.79197e-05	9	-0.255198	0
23	2.79197e-05	10	-0.241838	0
23	2.79197e-05	11	-0.228477	6.25136e-06
23	2.79197e-05	12	-0.215117	0
23	2.79197e-05	13	-0.201757	0
23	2.79197e-05	14	-0.188397	0
23	2.79197e-05	15	-0.175037	0
23	2.79197e-05	16	-0.161677	0
23	2.79197e-05	17	-0.148316	0
23	2.79197e-05	18	-0.134956	0
23	2.79197e-05	19	-0.121596	0
23	2.79197e-05	20	-0.108236	1.85207e-05
23	2.79197e-05	21	-0.0948757	8.03648e-05
23	2.79197e-05	22	-0.0815155	0.000717487
23	2.79197e-05	23	-0.0681554	0.0047305
23	2.79197e-05	24	-0.0547952	0.0145539
23	2.79197e-05	25	-0.041435	0.0325833
23	2.79197e-05	26	-0.0280749	0.0699876
23	2.79197e-05	27	-0.0147147	0.198861
23	2.79197e-05	28	-0.00135454	0.294866
23	2.79197e-05	29	0.0120056	0.233839
23	2.79197e-05	30	0.0253658	0.0930037
23	2.79197e-05	31	0.038726	0.0342493
23	2.79197e-05	32	0.0520861	0.0150995
23	2.79197e-05	33	0.0654463	0.00590749
23	2.79197e-05	34	0.0788065	0.00126767
23	2.79197e-05	35	0.0921666	0.000148363
23	2.79197e-05	36	0.105527	3.7052e-05
23	2.79197e-05	37	0.118887	0
23	2.79197e-05	38	0.132247	1.85557e-05
23	2.79197e-05	39	0.145607	6.20176e-06
23	2.79197e-05	40	0.158967	1.2369e-05
23	2.79197e-05	41	0.172328	6.18563e-06
23	2.79197e-05	42	0.185688	0
23	2.79197e-05	43	0.199048	0
23	2.79197e-05	44	0.212408	0
23	2.79197e-05	45	0.225768	0
23	2.79197e-05	46	0.239128	0
23	2.79197e-05	47	0.252489	0
23	2.79197e-05	48	0.265849	0
23	2.79197e-05	49	0.279209	0
24	2.91078e-05	0	-0.375439	0
24	2.91078e-05	1	-0.362079	0
24	2.91078e-05	2	-0.348719	0
24	2.91078e-05	3	-0.335359	0
24	2.91078e-05	4	-0.321999	0
24	2.91078e-05	5	-0.308638	0
24	2.91078e-05	6	-0.295278	0
24	2.91078e-05	7	-0.281918	0
24	2.91078e-05	8	-0.268558	0
24	2.91078e-05	9	-0.255198	8.07732e-06
24	2.91078e-05	10	-0.241838	0
24	2.91078e-05	11	-0.228477	0
24	2.91078e-05	12	-0.215117	0
24	2.91078e-05	13	-0.201757	0
24	2.91078e-05	14	-0.188397	0
24	2.91078e-05	15	-0.175037	0
24	2.91078e-05	16	-0.161677	0
24	2.91078e-05	17	-0.148316	0
24	2.91078e-05	18	-0.134956	0
24	2.91078e-05	19	-0.121596	0
24	2.91078e-05	20	-0.108236	0
24	2.91078e-05	21	-0.0948757	0.000120695
24	2.91078e-05	22	-0.0815155	0.000812827
24	2.91078e-05	23	-0.0681554	0.00388582
24	2.91078e-05	24	-0.0547952	0.013213
24	2.91078e-05	25	-0.041435	0.0277624
24	2.91078e-05	26	-0.0280749	0.0696666
24	2.91078e-05	27	-0.0147147	0.199094
24	2.91078e-05	28	-0.00135454	0.304927
24	2.91078e-05	29	0.0120056	0.23875
24	2.91078e-05	30	0.0253658	0.0919704
24	2.91078e-05	31	0.038726	0.0288577
24	2.91078e-05	32	0.0520861	0.0122813
24	2.91078e-05	33	0.0654463	0.00630833
24	2.91078e-05	34	0.0788065	0.00194746
24	2.91078e-05	35	0.0921666	0.000289705
24	2.91078e-05	36	0.105527	4.01867e-05
24	2.91078e-05	37	0.118887	3.22109e-05
24	2.91078e-05	38	0.132247	8.04688e-06
24	2.91078e-05	39	0.145607	1.6029e-05
24	2.91078e-05	40	0.158967	8.04216e-06
24	2.91078e-05	41	0.172328	0
24	2.91078e-05	42	0.185688	0
24	2.91078e-05	43	0.199048	0
24	2.91078e-05	44	0.212408	0
24	2.91078e-05	45	0.225768	0
24	2.91078e-05	46	0.239128	0
24	2.91078e-05	47	0.252489	0
24	2.91078e-05	48	0.265849	0
24	2.91078e-05	49	0.279209	0
25	3.02959e-05	0	-0.375439	0
25	3.02959e-05	1	-0.362079	0
25	3.02959e-05	2	-0.348719	0
25	3.02959e-05	3	-0.335359	0
25	3.02959e-05	4	-0.321999	0
25	3.02959e-05	5	-0.308638	0
25	3.02959e-05	6	-0.295278	0
25	3.02959e-05	7	-0.281918	0
25	3.02959e-05	8	-0.268558	0
25	3.02959e-05	9	-0.255198	0
25	3.02959e-05	10	-0.241838	0
25	3.02959e-05	11	-0.228477	1.05463e-05
25	3.02959e-05	12	-0.215117	0
25	3.02959e-05	13	-0.201757	0
25	3.02959e-05	14	-0.188397	0
25	3.02959e-05	15	-0.175037	0
25	3.02959e-05	16	-0.161677	1.0546e-05
25	3.02959e-05	17	-0.148316	0
25	3.02959e-05	18	-0.134956	1.06162e-05
25	3.02959e-05	19	-0.121596	0
25	3.02959e-05	20	-0.108236	1.05446e-05
25	3.02959e-05	21	-0.0948757	0.000189913
25	3.02959e-05	22	-0.0815155	0.000591307
25	3.02959e-05	23	-0.0681554	0.00213249
25	3.02959e-05	24	-0.0547952	0.00976238
25	3.02959e-05	25	-0.041435	0.0245491
25	3.02959e-05	26	-0.0280749	0.0691674
25	3.02959e-05	27	-0.0147147	0.203415
25	3.02959e-05	28	-0.00135454	0.316033
25	3.02959e-05	29	0.0120056	0.240391
25	3.02959e-05	30	0.0253658	0.0892858
25	3.02959e-05	31	0.038726	0.0253122
25	3.02959e-05	32	0.0520861	0.0106226
25	3.02959e-05	33	0.0654463	0.00625725
25	3.02959e-05	34	0.0788065	0.00187849
25	3.02959e-05	35	0.0921666	0.000221802
25	3.02959e-05	36	0.105527	5.27516e-05
25	3.02959e-05	37	0.118887	4.22792e-05
25	3.02959e-05	38	0.132247	2.10565e-05
25	3.02959e-05	39	0.145607	1.05477e-05
25	3.02959e-05	40	0.158967	2.11037e-05
25	3.02959e-05	41	0.172328	0
25	3.02959e-05	42	0.185688	0
25	3.02959e-05	43	0.199048	0
25	3.02959e-05	44	0.212408	0
25	3.02959e-05	45	0.225768	0
25	3.02959e-05	46	0.239128	0
25	3.02959e-05	47	0.252489	0
25	3.02959e-05	48	0.265849	0
25	3.02959e-05	49	0.279209	0
26	3.14839e-05	0	-0.375439	0
26	3.14839e-05	1	-0.362079	0
26	3.14839e-05	2	-0.348719	0
26	3.14839e-05	3	-0.335359	0
26	3.14839e-05	4	-0.321999	0
26	3.14839e-05	5	-0.308638	0
26	3.14839e-05	6	-0.295278	0
26	3.14839e-05	7	-0.281918	0
26	3.14839e-05	8	-0.268558	0
26	3.14839e-05	9	-0.255198	0
26	3.14839e-05	10	-0.241838	0
26	3.14839e-05	11	-0.228477	0
26	3.14839e-05	12	-0.215117	0
26	3.14839e-05	13	-0.201757	0
26	3.14839e-05	14	-0.188397	0
26	3.14839e-05	15	-0.175037	0
26	3.14839e-05	16	-0.161677	0
26	3.14839e-05	17	-0.148316	0
26	3.14839e-05	18	-0.134956	0
26	3.14839e-05	19	-0.121596	0
26	3.14839e-05	20	-0.108236	4.17354e-05
26	3.14839e-05	21	-0.0948757	0.000208968
26	3.14839e-05	22	-0.0815155	0.000571742
26	3.14839e-05	23	-0.0681554	0.00227255
26	3.14839e-05	24	-0.0547952	0.00855645
26	3.14839e-05	25	-0.041435	0.0202132
26	3.14839e-05	26	-0.0280749	0.0645714
26	3.14839e-05	27	-0.0147147	0.208748
26	3.14839e-05	28	-0.00135454	0.323794
26	3.14839e-05	29	0.0120056	0.248107
26	3.14839e-05	30	0.0253658	0.0828854
26	3.14839e-05	31	0.038726	0.0240464
26	3.14839e-05	32	0.0520861	0.00928245
26	3.14839e-05	33	0.0654463	0.00495936
26	3.14839e-05	34	0.0788065	0.00139295
26	3.14839e-05	35	0.0921666	0.000181101
26	3.14839e-05	36	0.105527	8.36105e-05
26	3.14839e-05	37	0.118887	1.3925e-05
26	3.14839e-05	38	0.132247	4.18277e-05
26	3.14839e-05	39	0.145607	2.78786e-05
26	3.14839e-05	40	0.158967	0
26	3.14839e-05	41	0.172328	0
26	3.14839e-05	42	0.185688	0
26	3.14839e-05	43	0.199048	0
26	3.14839e-05	44	0.212408	0
26	3.14839e-05	45	0.225768	0
26	3.14839e-05	46	0.239128	0
26	3.14839e-05	47	0.252489	0
26	3.14839e-05	48	0.265849	0
26	3.14839e-05	49	0.279209	0
27	3.2672e-05	0	-0.375439	0
27	3.2672e-05	1	-0.362079	0
27	3.2672e-05	2	-0.348719	0
27	3.2672e-05	3	-0.335359	0
27	3.2672e-05	4	-0.321999	0
27	3.2672e-05	5	-0.308638	0
27	3.2672e-05	6	-0.295278	0
27	3.2672e-05	7	-0.281918	0
27	3.2672e-05	8	-0.268558	0
27	3.2672e-05	9	-0.255198	0
27	3.2672e-05	10	-0.241838	0
27	3.2672e-05	11	-0.228477	0
27	3.2672e-05	12	-0.215117	0
27	3.2672e-05	13	-0.201757	0
27	3.2672e-05	14	-0.188397	0
27	3.2672e-05	15	-0.175037	1.82613e-05
27	3.2672e-05	16	-0.161677	0
27	3.2672e-05	17	-0.148316	0
27	3.2672e-05	18	-0.134956	0
27	3.2672e-05	19	-0.121596	0
27	3.2672e-05	20	-0.108236	0
27	3.2672e-05	21	-0.0948757	0.000308285
27	3.2672e-05	22	-0.0815155	0.000761857
27	3.2672e-05	23	-0.0681554	0.0041542
27	3.2672e-05	24	-0.0547952	0.00729674
27	3.2672e-05	25	-0.041435	0.0190596
27	3.2672e-05	26	-0.0280749	0.0605793
27	3.2672e-05	27	-0.0147147	0.206672
27	3.2672e-05	28	-0.00135454	0.33749
27	3.2672e-05	29	0.0120056	0.243812
27	3.2672e-05	30	0.0253658	0.0791121
27	3.2672e-05	31	0.038726	0.0232618
27	3.2672e-05	32	0.0520861	0.00871306
27	3.2672e-05	33	0.0654463	0.00538789
27	3.2672e-05	34	0.0788065	0.00281107
27	3.2672e-05	35	0.0921666	0.000417089
27	3.2672e-05	36	0.105527	9.07003e-05
27	3.2672e-05	37	0.118887	3.62635e-05
27	3.2672e-05	38	0.132247	1.8143e-05
27	3.2672e-05	39	0.145607	0
27	3.2672e-05	40	0.158967	0
27	3.2672e-05	41	0.172328	0
27	3.2672e-05	42	0.185688	0
27	3.2672e-05	43	0.199048	0
27	3.2672e-05	44	0.212408	0
27	3.2672e-05	45	0.225768	0
27	3.2672e-05	46	0.239128	0
27	3.2672e-05	47	0.252489	0
27	3.2672e-05	48	0.265849	0
27	3.2672e-05	49	0.279209	0
28	3.38601e-05	0	-0.375439	0
28	3.38601e-05	1	-0.362079	0
28	3.38601e-05	2	-0.348719	0
28	3.38601e-05	3	-0.335359	0
28	3.38601e-05	4	-0.321999	0
28	3.38601e-05	5	-0.308638	0
28	3.38601e-05	6	-0.295278	0
28	3.38601e-05	7	-0.281918	0
28	3.38601e-05	8	-0.268558	0
28	3.38601e-05	9	-0.255198	0
28	3.38601e-05	10	-0.241838	0
28	3.38601e-05	11	-0.228477	0
28	3.38601e-05	12	-0.215117	0
28	3.38601e-05	13	-0.201757	0
28	3.38601e-05	14	-0.188397	2.46011e-05
28	3.38601e-05	15	-0.175037	2.45363e-05
28	3.38601e-05	16	-0.161677	0
28	3.38601e-05	17	-0.148316	0
28	3.38601e-05	18	-0.134956	2.45212e-05
28	3.38601e-05	19	-0.121596	0
28	3.38601e-05	20	-0.108236	4.91032e-05
28	3.38601e-05	21	-0.0948757	0.000490047
28	3.38601e-05	22	-0.0815155	0.00144628
28	3.38601e-05	23	-0.0681554	0.00482886
28	3.38601e-05	24	-0.0547952	0.00885186
28	3.38601e-05	25	-0.041435	0.0174893
28	3.38601e-05	26	-0.0280749	0.0639389
28	3.38601e-05	27	-0.0147147	0.201483
28	3.38601e-05	28	-0.00135454	0.340715
28	3.38601e-05	29	0.0120056	0.237143
28	3.38601e-05	30	0.0253658	0.0855144
28	3.38601e-05	31	0.038726	0.0210552
28	3.38601e-05	32	0.0520861	0.00909699
28	3.38601e-05	33	0.0654463	0.00507767
28	3.38601e-05	34	0.0788065	0.00164363
28	3.38601e-05	35	0.0921666	0.000906952
28	3.38601e-05	36	0.105527	0.000122505
28	3.38601e-05	37	0.118887	7.35517e-05
28	3.38601e-05	38	0.132247	0
28	3.38601e-05	39	0.145607	0
28	3.38601e-05	40	0.158967	0
28	3.38601e-05	41	0.172328	0
28	3.38601e-05	42	0.185688	0
28	3.38601e-05	43	0.199048	0
28	3.38601e-05	44	0.212408	0
28	3.38601e-05	45	0.225768	0
28	3.38601e-05	46	0.239128	0
28	3.38601e-05	47	0.252489	0
28	3.38601e-05	48	0.265849	0
28	3.38601e-05	49	0.279209	0
29	3.50481e-05	0	-0.375439	0
29	3.50481e-05	1	-0.362079	0
29	3.50481e-05	2	-0.348719	0
29	3.50481e-05	3	-0.335359	0
29	3.50481e-05	4	-0.321999	0
29	3.50481e-05	5	-0.308638	0
29	3.50481e-05	6	-0.295278	0
29	3.50481e-05	7	-0.281918	0
29	3.50481e-05	8	-0.268558	0
29	3.50481e-05	9	-0.255198	0
29	3.50481e-05	10	-0.241838	0
29	3.50481e-05	11	-0.228477	0
29	3.50481e-05	12	-0.215117	0
29	3.50481e-05	13	-0.201757	0
29	3.50481e-05	14	-0.188397	0
29	3.50481e-05	15	-0.175037	0
29	3.50481e-05	16	-0.161677	0
29	3.50481e-05	17	-0.148316	0
29	3.50481e-05	18	-0.134956	0
29	3.50481e-05	19	-0.121596	0
29	3.50481e-05	20	-0.108236	0
29	3.50481e-05	21	-0.0948757	0.000595698
29	3.50481e-05	22	-0.0815155	0.00175415
29	3.50481e-05	23	-0.0681554	0.00271611
29	3.50481e-05	24	-0.0547952	0.00682717
29	3.50481e-05	25	-0.041435	0.0162378
29	3.50481e-05	26	-0.0280749	0.0659155
29	3.50481e-05	27	-0.0147147	0.20454
29	3.50481e-05	28	-0.00135454	0.341026
29	3.50481e-05	29	0.0120056	0.241665
29	3.50481e-05	30	0.0253658	0.0852263
29	3.50481e-05	31	0.038726	0.0203806
29	3.50481e-05	32	0.0520861	0.0080482
29	3.50481e-05	33	0.0654463	0.00347851
29	3.50481e-05	34	0.0788065	0.00079563
29	3.50481e-05	35	0.0921666	0.000728301
29	3.50481e-05	36	0.105527	6.62539e-05
29	3.50481e-05	37	0.118887	0
29	3.50481e-05	38	0.132247	0
29	3.50481e-05	39	0.145607	0
29	3.50481e-05	40	0.158967	0
29	3.50481e-05	41	0.172328	0
29	3.50481e-05	42	0.185688	0
29	3.50481e-05	43	0.199048	0
29	3.50481e-05	44	0.212408	0
29	3.50481e-05	45	0.225768	0
29	3.50481e-05	46	0.239128	0
29	3.50481e-05	47	0.252489	0
29	3.50481e-05	48	0.265849	0
29	3.50481e-05	49	0.279209	0
30	3.62362e-05	0	-0.375439	0
30	3.62362e-05	1	-0.362079	0
30	3.62362e-05	2	-0.348719	0
30	3.62362e-05	3	-0.335359	0
30	3.62362e-05	4	-0.321999	0
30	3.62362e-05	5	-0.308638	0
30	3.62362e-05	6	-0.295278	0
30	3.62362e-05	7	-0.281918	0
30	3.62362e-05	8	-0.268558	0
30	3.62362e-05	9	-0.255198	0
30	3.62362e-05	10	-0.241838	0
30	3.62362e-05	11	-0.228477	0
30	3.62362e-05	12	-0.215117	0
30	3.62362e-05	13	-0.201757	0
30	3.62362e-05	14	-0.188397	0
30	3.62362e-05	15	-0.175037	0
30	3.62362e-05	16	-0.161677	0
30	3.62362e-05	17	-0.148316	0
30	3.62362e-05	18	-0.134956	0
30	3.62362e-05	19	-0.121596	4.46226e-05
30	3.62362e-05	20	-0.108236	0
30	3.62362e-05	21	-0.0948757	0.000755524
30	3.62362e-05	22	-0.0815155	0.00306656
30	3.62362e-05	23	-0.0681554	0.00333396
30	3.62362e-05	24	-0.0547952	0.00631676
30	3.62362e-05	25	-0.041435	0.01357
30	3.62362e-05	26	-0.0280749	0.0655575
30	3.62362e-05	27	-0.0147147	0.212769
30	3.62362e-05	28	-0.00135454	0.337489
30	3.62362e-05	29	0.0120056	0.242101
30	3.62362e-05	30	0.0253658	0.0836202
30	3.62362e-05	31	0.038726	0.0210124
30	3.62362e-05	32	0.0520861	0.00676274
30	3.62362e-05	33	0.0654463	0.00244609
30	3.62362e-05	34	0.0788065	0.000666892
30	3.62362e-05	35	0.0921666	0.000488772
30	3.62362e-05	36	0.105527	0
30	3.62362e-05	37	0.118887	0
30	3.62362e-05	38	0.132247	0
30	3.62362e-05	39	0.145607	0
30	3.62362e-05	40	0.158967	0
30	3.62362e-05	41	0.172328	0
30	3.62362e-05	42	0.185688	0
30	3.62362e-05	43	0.199048	0
30	3.62362e-05	44	0.212408	0
30	3.62362e-05	45	0.225768	0
30	3.62362e-05	46	0.239128	0
30	3.62362e-05	47	0.252489	0
30	3.62362e-05	48	0.265849	0
30	3.62362e-05	49	0.279209	0
31	3.74243e-05	0	-0.375439	0
31	3.74243e-05	1	-0.362079	0
31	3.74243e-05	2	-0.348719	0
31	3.74243e-05	3	-0.335359	0
31	3.74243e-05	4	-0.321999	0
31	3.74243e-05	5	-0.308638	0
31	3.74243e-05	6	-0.295278	0
31	3.74243e-05	7	-0.281918	0
31	3.74243e-05	8	-0.268558	0
31	3.74243e-05	9	-0.255198	0
31	3.74243e-05	10	-0.241838	0
31	3.74243e-05	11	-0.228477	0
31	3.74243e-05	12	-0.215117	0
31	3.74243e-05	13	-0.201757	0
31	3.74243e-05	14	-0.188397	0
31	3.74243e-05	15	-0.175037	0
31	3.74243e-05	16	-0.161677	0
31	3.74243e-05	17	-0.148316	0
31	3.74243e-05	18	-0.134956	0.00011857
31	3.74243e-05	19	-0.121596	0
31	3.74243e-05	20	-0.108236	5.92157e-05
31	3.74243e-05	21	-0.0948757	0.000177564
31	3.74243e-05	22	-0.0815155	0.00283984
31	3.74243e-05	23	-0.0681554	0.00686779
31	3.74243e-05	24	-0.0547952	0.00598063
31	3.74243e-05	25	-0.041435	0.0157534
31	3.74243e-05	26	-0.0280749	0.0566023
31	3.74243e-05	27	-0.0147147	0.21345
31	3.74243e-05	28	-0.00135454	0.347537
31	3.74243e-05	29	0.0120056	0.243493
31	3.74243e-05	30	0.0253658	0.0764941
31	3.74243e-05	31	0.038726	0.0216821
31	3.74243e-05	32	0.0520861	0.00580874
31	3.74243e-05	33	0.0654463	0.00195327
31	3.74243e-05	34	0.0788065	0.000591709
31	3.74243e-05	35	0.0921666	0.000591595
31	3.74243e-05	36	0.105527	0
31	3.74243e-05	37	0.118887	0
31	3.74243e-05	38	0.132247	0
31	3.74243e-05	39	0.145607	0
31	3.74243e-05	40	0.158967	0
31	3.74243e-05	41	0.172328	0
31	3.74243e-05	42	0.185688	0
31	3.74243e-05	43	0.199048	0
31	3.74243e-05	44	0.212408	0
31	3.74243e-05	45	0.225768	0
31	3.74243e-05	46	0.239128	0
31	3.74243e-05	47	0.252489	0
31	3.74243e-05	48	0.265849	0
31	3.74243e-05	49	0.279209	0
32	3.86124e-05	0	-0.375439	0
32	3.86124e-05	1	-0.362079	0
32	3.86124e-05	2	-0.348719	0
32	3.86124e-05	3	-0.335359	0
32	3.86124e-05	4	-0.321999	0
32	3.86124e-05	5	-0.308638	0
32	3.86124e-05	6	-0.295278	0
32	3.86124e-05	7	-0.281918	0
32	3.86124e-05	8	-0.268558	0
32	3.86124e-05	9	-0.255198	0
32	3.86124e-05	10	-0.241838	0
32	3.86124e-05	11	-0.228477	0
32	3.86124e-05	12	-0.215117	0
32	3.86124e-05	13	-0.201757	0
32	3.86124e-05	14	-0.188397	0
32	3.86124e-05	15	-0.175037	0
32	3.86124e-05	16	-0.161677	0
32	3.86124e-05	17	-0.148316	0
32	3.86124e-05	18	-0.134956	0
32	3.86124e-05	19	-0.121596	0
32	3.86124e-05	20	-0.108236	0
32	3.86124e-05	21	-0.0948757	8.13735e-05
32	3.86124e-05	22	-0.0815155	0.00170597
32	3.86124e-05	23	-0.0681554	0.00536286
32	3.86124e-05	24	-0.0547952	0.0068307
32	3.86124e-05	25	-0.041435	0.0181371
32	3.86124e-05	26	-0.0280749	0.0612175
32	3.86124e-05	27	-0.0147147	0.203557
32	3.86124e-05	28	-0.00135454	0.34646
32	3.86124e-05	29	0.0120056	0.244263
32	3.86124e-05	30	0.0253658	0.0791852
32	3.86124e-05	31	0.038726	0.0240812
32	3.86124e-05	32	0.0520861	0.00520947
32	3.86124e-05	33	0.0654463	0.0022846
32	3.86124e-05	34	0.0788065	0.000731151
32	3.86124e-05	35	0.0921666	0.000893553
32	3.86124e-05	36	0.105527	0
32	3.86124e-05	37	0.118887	0
32	3.86124e-05	38	0.132247	0
32	3.86124e-05	39	0.145607	0
32	3.86124e-05	40	0.158967	0
32	3.86124e-05	41	0.172328	0
32	3.86124e-05	42	0.185688	0
32	3.86124e-05	43	0.199048	0
32	3.86124e-05	44	0.212408	0
32	3.86124e-05	45	0.225768	0
32	3.86124e-05	46	0.239128	0
32	3.86124e-05	47	0.252489	0
32	3.86124e-05	48	0.265849	0
32	3.86124e-05	49	0.279209	0
33	3.98004e-05	0	-0.375439	0
33	3.98004e-05	1	-0.362079	0
33	3.98004e-05	2	-0.348719	0
33	3.98004e-05	3	-0.335359	0
33	3.98004e-05	4	-0.321999	0
33	3.98004e-05	5	-0.308638	0
33	3.98004e-05	6	-0.295278	0
33	3.98004e-05	7	-0.281918	0
33	3.98004e-05	8	-0.268558	0
33	3.98004e-05	9	-0.255198	0
33	3.98004e-05	10	-0.241838	0
33	3.98004e-05	11	-0.228477	0
33	3.98004e-05	12	-0.215117	0
33	3.98004e-05	13	-0.201757	0
33	3.98004e-05	14	-0.188397	0
33	3.98004e-05	15	-0.175037	0
33	3.98004e-05	16	-0.161677	0
33	3.98004e-05	17	-0.148316	0
33	3.98004e-05	18	-0.134956	0
33	3.98004e-05	19	-0.121596	0
33	3.98004e-05	20	-0.108236	0
33	3.98004e-05	21	-0.0948757	0.000114624
33	3.98004e-05	22	-0.0815155	0.000343592
33	3.98004e-05	23	-0.0681554	0.00435228
33	3.98004e-05	24	-0.0547952	0.00550614
33	3.98004e-05	25	-0.041435	0.0162823
33	3.98004e-05	26	-0.0280749	0.0561571
33	3.98004e-05	27	-0.0147147	0.204471
33	3.98004e-05	28	-0.00135454	0.342005
33	3.98004e-05	29	0.0120056	0.249825
33	3.98004e-05	30	0.0253658	0.0858436
33	3.98004e-05	31	0.038726	0.023633
33	3.98004e-05	32	0.0520861	0.0061915
33	3.98004e-05	33	0.0654463	0.00161092
33	3.98004e-05	34	0.0788065	0.00206116
33	3.98004e-05	35	0.0921666	0.00160296
33	3.98004e-05	36	0.105527	0
33	3.98004e-05	37	0.118887	0
33	3.98004e-05	38	0.132247	0
33	3.98004e-05	39	0.145607	0
33	3.98004e-05	40	0.158967	0
33	3.98004e-05	41	0.172328	0
33	3.98004e-05	42	0.185688	0
33	3.98004e-05	43	0.199048	0
33	3.98004e-05	44	0.212408	0
33	3.98004e-05	45	0.225768	0
33	3.98004e-05	46	0.239128	0
33	3.98004e-05	47	0.252489	0
33	3.98004e-05	48	0.265849	0
33	3.98004e-05	49	0.279209	0
34	4.09885e-05	0	-0.375439	0
34	4.09885e-05	1	-0.362079	0
34	4.09885e-05	2	-0.348719	0
34	4.09885e-05	3	-0.335359	0
34	4.09885e-05	4	-0.321999	0
34	4.09885e-05	5	-0.308638	0
34	4.09885e-05	6	-0.295278	0
34	4.09885e-05	7	-0.281918	0
34	4.09885e-05	8	-0.268558	0
34	4.09885e-05	9	-0.255198	0
34	4.09885e-05	10	-0.241838	0
34	4.09885e-05	11	-0.228477	0
34	4.09885e-05	12	-0.215117	0
34	4.09885e-05	13	-0.201757	0
34	4.09885e-05	14	-0.188397	0
34	4.09885e-05	15	-0.175037	0
34	4.09885e-05	16	-0.161677	0
34	4.09885e-05	17	-0.148316	0
34	4.09885e-05	18	-0.134956	0
34	4.09885e-05	19	-0.121596	0
34	4.09885e-05	20	-0.108236	0
34	4.09885e-05	21	-0.0948757	0
34	4.09885e-05	22	-0.0815155	0
34	4.09885e-05	23	-0.0681554	0.00471593
34	4.09885e-05	24	-0.0547952	0.00708401
34	4.09885e-05	25	-0.041435	0.017148
34	4.09885e-05	26	-0.0280749	0.0643134
34	4.09885e-05	27	-0.0147147	0.207931
34	4.09885e-05	28	-0.00135454	0.331738
34	4.09885e-05	29	0.0120056	0.242829
34	4.09885e-05	30	0.0253658	0.0845892
34	4.09885e-05	31	0.038726	0.024077
34	4.09885e-05	32	0.0520861	0.0040992
34	4.09885e-05	33	0.0654463	0.00236163
34	4.09885e-05	34	0.0788065	0.00502805
34	4.09885e-05	35	0.0921666	0.00408523
34	4.09885e-05	36	0.105527	0
34	4.09885e-05	37	0.118887	0
34	4.09885e-05	38	0.132247	0
34	4.09885e-05	39	0.145607	0
34	4.09885e-05	40	0.158967	0
34	4.09885e-05	41	0.172328	0
34	4.09885e-05	42	0.185688	0
34	4.09885e-05	43	0.199048	0
34	4.09885e-05	44	0.212408	0
34	4.09885e-05	45	0.225768	0
34	4.09885e-05	46	0.239128	0
34	4.09885e-05	47	0.252489	0
34	4.09885e-05	48	0.265849	0
34	4.09885e-05	49	0.279209	0
35	4.21766e-05	0	-0.375439	0
35	4.21766e-05	1	-0.362079	0
35	4.21766e-05	2	-0.348719	0
35	4.21766e-05	3	-0.335359	0
35	4.21766e-05	4	-0.321999	0
35	4.21766e-05	5	-0.308638	0
35	4.21766e-05	6	-0.295278	0
35	4.21766e-05	7	-0.281918	0
35	4.21766e-05	8	-0.268558	0
35	4.21766e-05	9	-0.255198	0
35	4.21766e-05	10	-0.241838	0
35	4.21766e-05	11	-0.228477	0
35	4.21766e-05	12	-0.215117	0
35	4.21766e-05	13	-0.201757	0
35	4.21766e-05	14	-0.188397	0
35	4.21766e-05	15	-0.175037	0
35	4.21766e-05	16	-0.161677	0
35	4.21766e-05	17	-0.148316	0
35	4.21766e-05	18	-0.134956	0
35	4.21766e-05	19	-0.121596	0
35	4.21766e-05	20	-0.108236	0
35	4.21766e-05	21	-0.0948757	0
35	4.21766e-05	22	-0.0815155	0
35	4.21766e-05	23	-0.0681554	0.00130255
35	4.21766e-05	24	-0.0547952	0.00826207
35	4.21766e-05	25	-0.041435	0.0173734
35	4.21766e-05	26	-0.0280749	0.0625596
35	4.21766e-05	27	-0.0147147	0.204052
35	4.21766e-05	28	-0.00135454	0.329928
35	4.21766e-05	29	0.0120056	0.245307
35	4.21766e-05	30	0.0253658	0.0883987
35	4.21766e-05	31	0.038726	0.0275969
35	4.21766e-05	32	0.0520861	0.00544754
35	4.21766e-05	33	0.0654463	0.00347966
35	4.21766e-05	34	0.0788065	0.00564258
35	4.21766e-05	35	0.0921666	0.000650951
35	4.21766e-05	36	0.105527	0
35	4.21766e-05	37	0.118887	0
35	4.21766e-05	38	0.132247	0
35	4.21766e-05	39	0.145607	0
35	4.21766e-05	40	0.158967	0
35	4.21766e-05	41	0.172328	0
35	4.21766e-05	42	0.185688	0
35	4.21766e-05	43	0.199048	0
35	4.21766e-05	44	0.212408	0
35	4.21766e-05	45	0.225768	0
35	4.21766e-05	46	0.239128	0
35	4.21766e-05	47	0.252489	0
35	4.21766e-05	48	0.265849	0
35	4.21766e-05	49	0.279209	0
36	4.33647e-05	0	-0.375439	0
36	4.33647e-05	1	-0.362079	0
36	4.33647e-05	2	-0.348719	0
36	4.33647e-05	3	-0.335359	0
36	4.33647e-05	4	-0.321999	0
36	4.33647e-05	5	-0.308638	0
36	4.33647e-05	6	-0.295278	0
36	4.33647e-05	7	-0.281918	0
36	4.33647e-05	8	-0.268558	0
36	4.33647e-05	9	-0.255198	0
36	4.33647e-05	10	-0.241838	0
36	4.33647e-05	11	-0.228477	0
36	4.33647e-05	12	-0.215117	0
36	4.33647e-05	13	-0.201757	0
36	4.33647e-05	14	-0.188397	0
36	4.33647e-05	15	-0.175037	0
36	4.33647e-05	16	-0.161677	0
36	4.33647e-05	17	-0.148316	0
36	4.33647e-05	18	-0.134956	0
36	4.33647e-05	19	-0.121596	0
36	4.33647e-05	20	-0.108236	0
36	4.33647e-05	21	-0.0948757	0
36	4.33647e-05	22	-0.0815155	0
36	4.33647e-05	23	-0.0681554	0
36	4.33647e-05	24	-0.0547952	0.00747495
36	4.33647e-05	25	-0.041435	0.0212579
36	4.33647e-05	26	-0.0280749	0.0691059
36	4.33647e-05	27	-0.0147147	0.18898
36	4.33647e-05	28	-0.00135454	0.330368
36	4.33647e-05	29	0.0120056	0.236818
36	4.33647e-05	30	0.0253658	0.104693
36	4.33647e-05	31	0.038726	0.0296336
36	4.33647e-05	32	0.0520861	0.00448735
36	4.33647e-05	33	0.0654463	0.0047902
36	4.33647e-05	34	0.0788065	0.00239147
36	4.33647e-05	35	0.0921666	0
36	4.33647e-05	36	0.105527	0
36	4.33647e-05	37	0.118887	0
36	4.33647e-05	38	0.132247	0
36	4.33647e-05	39	0.145607	0
36	4.33647e-05	40	0.158967	0
36	4.33647e-05	41	0.172328	0
36	4.33647e-05	42	0.185688	0
36	4.33647e-05	43	0.199048	0
36	4.33647e-05	44	0.212408	0
36	4.33647e-05	45	0.225768	0
36	4.33647e-05	46	0.239128	0
36	4.33647e-05	47	0.252489	0
36	4.33647e-05	48	0.265849	0
36	4.33647e-05	49	0.279209	0
37	4.45527e-05	0	-0.375439	0
37	4.45527e-05	1	-0.362079	0
37	4.45527e-05	2	-0.348719	0
37	4.45527e-05	3	-0.335359	0
37	4.45527e-05	4	-0.321999	0
37	4.45527e-05	5	-0.308638	0
37	4.45527e-05	6	-0.295278	0
37	4.45527e-05	7	-0.281918	0
37	4.45527e-05	8	-0.268558	0
37	4.45527e-05	9	-0.255198	0
37	4.45527e-05	10	-0.241838	0
37	4.45527e-05	11	-0.228477	0
37	4.45527e-05	12	-0.215117	0
37	4.45527e-05	13	-0.201757	0
37	4.45527e-05	14	-0.188397	0
37	4.45527e-05	15	-0.175037	0
37	4.45527e-05	16	-0.161677	0
37	4.45527e-05	17	-0.148316	0
37	4.45527e-05	18	-0.134956	0
37	4.45527e-05	19	-0.121596	0
37	4.45527e-05	20	-0.108236	0
37	4.45527e-05	21	-0.0948757	0
37	4.45527e-05	22	-0.0815155	0
37	4.45527e-05	23	-0.0681554	0
37	4.45527e-05	24	-0.0547952	0.0082285
37	4.45527e-05	25	-0.041435	0.0186422
37	4.45527e-05	26	-0.0280749	0.0813908
37	4.45527e-05	27	-0.0147147	0.203445
37	4.45527e-05	28	-0.00135454	0.281324
37	4.45527e-05	29	0.0120056	0.256237
37	4.45527e-05	30	0.0253658	0.106513
37	4.45527e-05	31	0.038726	0.0260121
37	4.45527e-05	32	0.0520861	0.0112838
37	4.45527e-05	33	0.0654463	0.00605848
37	4.45527e-05	34	0.0788065	0.000865336
37	4.45527e-05	35	0.0921666	0
37	4.45527e-05	36	0.105527	0
37	4.45527e-05	37	0.118887	0
37	4.45527e-05	38	0.132247	0
37	4.45527e-05	39	0.145607	0
37	4.45527e-05	40	0.158967	0
37	4.45527e-05	41	0.172328	0
37	4.45527e-05	42	0.185688	0
37	4.45527e-05	43	0.199048	0
37	4.45527e-05	44	0.212408	0
37	4.45527e-05	45	0.225768	0
37	4.45527e-05	46	0.239128	0
37	4.45527e-05	47	0.252489	0
37	4.45527e-05	48	0.265849	0
37	4.45527e-05	49	0.279209	0
38	4.57408e-05	0	-0.375439	0
38	4.57408e-05	1	-0.362079	0
38	4.57408e-05	2	-0.348719	0
38	4.57408e-05	3	-0.335359	0
38	4.57408e-05	4	-0.321999	0
38	4.57408e-05	5	-0.308638	0
38	4.57408e-05	6	-0.295278	0
38	4.57408e-05	7	-0.281918	0
38	4.57408e-05	8	-0.268558	0
38	4.57408e-05	9	-0.255198	0
38	4.57408e-05	10	-0.241838	0
38	4.57408e-05	11	-0.228477	0
38	4.57408e-05	12	-0.215117	0
38	4.57408e-05	13	-0.201757	0
38	4.57408e-05	14	-0.188397	0
38	4.57408e-05	15	-0.175037	0
38	4.57408e-05	16	-0.161677	0
38	4.57408e-05	17	-0.148316	0
38	4.57408e-05	18	-0.134956	0
38	4.57408e-05	19	-0.121596	0
38	4.57408e-05	20	-0.108236	0
38	4.57408e-05	21	-0.0948757	0
38	4.57408e-05	22	-0.0815155	0
38	4.57408e-05	23	-0.0681554	0
38	4.57408e-05	24	-0.0547952	0.00314327
38	4.57408e-05	25	-0.041435	0.0131246
38	4.57408e-05	26	-0.0280749	0.0817894
38	4.57408e-05	27	-0.0147147	0.204374
38	4.57408e-05	28	-0.00135454	0.306022
38	4.57408e-05	29	0.0120056	0.267294
38	4.57408e-05	30	0.0253658	0.0896386
38	4.57408e-05	31	0.038726	0.023599
38	4.57408e-05	32	0.0520861	0.00787175
38	4.57408e-05	33	0.0654463	0.00314323
38	4.57408e-05	34	0.0788065	0
38	4.57408e-05	35	0.0921666	0
38	4.57408e-05	36	0.105527	0
38	4.57408e-05	37	0.118887	0
38	4.57408e-05	38	0.132247	0
38	4.57408e-05	39	0.145607	0
38	4.57408e-05	40	0.158967	0
38	4.57408e-05	41	0.172328	0
38	4.57408e-05	42	0.185688	0
38	4.57408e-05	43	0.199048	0
38	4.57408e-05	44	0.212408	0
38	4.57408e-05	45	0.225768	0
38	4.57408e-05	46	0.239128	0
38	4.57408e-05	47	0.252489	0
38	4.57408e-05	48	0.265849	0
38	4.57408e-05	49	0.279209	0
39	4.69289e-05	0	-0.375439	0
39	4.69289e-05	1	-0.362079	0
39	4.69289e-05	2	-0.348719	0
39	4.69289e-05	3	-0.335359	0
39	4.69289e-05	4	-0.321999	0
39	4.69289e-05	5	-0.308638	0
39	4.69289e-05	6	-0.295278	0
39	4.69289e-05	7	-0.281918	0
39	4.69289e-05	8	-0.268558	0
39	4.69289e-05	9	-0.255198	0
39	4.69289e-05	10	-0.241838	0
39	4.69289e-05	11	-0.228477	0
39	4.69289e-05	12	-0.215117	0
39	4.69289e-05	13	-0.201757	0
39	4.69289e-05	14	-0.188397	0
39	4.69289e-05	15	-0.175037	0
39	4.69289e-05	16	-0.161677	0
39	4.69289e-05	17	-0.148316	0
39	4.69289e-05	18	-0.134956	0
39	4.69289e-05	19	-0.121596	0
39	4.69289e-05	20	-0.108236	0
39	4.69289e-05	21	-0.0948757	0
39	4.69289e-05	22	-0.0815155	0
39	4.69289e-05	23	-0.0681554	0
39	4.69289e-05	24	-0.0547952	0
39	4.69289e-05	25	-0.041435	0.0182702
39	4.69289e-05	26	-0.0280749	0.0756285
39	4.69289e-05	27	-0.0147147	0.214029
39	4.69289e-05	28	-0.00135454	0.320002
39	4.69289e-05	29	0.0120056	0.24642
39	4.69289e-05	30	0.0253658	0.0959055
39	4.69289e-05	31	0.038726	0.0189337
39	4.69289e-05	32	0.0520861	0.00946098
39	4.69289e-05	33	0.0654463	0.00134977
39	4.69289e-05	34	0.0788065	0
39	4.69289e-05	35	0.0921666	0
39	4.69289e-05	36	0.105527	0
39	4.69289e-05	37	0.118887	0
39	4.69289e-05	38	0.132247	0
39	4.69289e-05	39	0.145607	0
39	4.69289e-05	40	0.158967	0
39	4.69289e-05	41	0.172328	0
39	4.69289e-05	42	0.185688	0
39	4.69289e-05	43	0.199048	0
39	4.69289e-05	44	0.212408	0
39	4.69289e-05	45	0.225768	0
39	4.69289e-05	46	0.239128	0
39	4.69289e-05	47	0.252489	0
39	4.69289e-05	48	0.265849	0
39	4.69289e-05	49	0.279209	0
40	4.81169e-05	0	-0.375439	0
40	4.81169e-05	1	-0.362079	0
40	4.81169e-05	2	-0.348719	0
40	4.81169e-05	3	-0.335359	0
40	4.81169e-05	4	-0.321999	0
40	4.81169e-05	5	-0.308638	0
40	4.81169e-05	6	-0.295278	0
40	4.81169e-05	7	-0.281918	0
40	4.81169e-05	8	-0.268558	0
40	4.81169e-05	9	-0.255198	0
40	4.81169e-05	10	-0.241838	0
40	4.81169e-05	11	-0.228477	0
40	4.81169e-05	12	-0.215117	0
40	4.81169e-05	13	-0.201757	0
40	4.81169e-05	14	-0.188397	0
40	4.81169e-05	15	-0.175037	0
40	4.81169e-05	16	-0.161677	0
40	4.81169e-05	17	-0.148316	0
40	4.81169e-05	18	-0.134956	0
40	4.81169e-05	19	-0.121596	0
40	4.81169e-05	20	-0.108236	0
40	4.81169e-05	21	-0.0948757	0
40	4.81169e-05	22	-0.0815155	0
40	4.81169e-05	23	-0.0681554	0
40	4.81169e-05	24	-0.0547952	0
40	4.81169e-05	25	-0.041435	0.0168501
40	4.81169e-05	26	-0.0280749	0.0656489
40	4.81169e-05	27	-0.0147147	0.196793
40	4.81169e-05	28	-0.00135454	0.393552
40	4.81169e-05	29	0.0120056	0.209203
40	4.81169e-05	30	0.0253658	0.0860015
40	4.81169e-05	31	0.038726	0.0266159
40	4.81169e-05	32	0.0520861	0.00533674
40	4.81169e-05	33	0.0654463	0
40	4.81169e-05	34	0.0788065	0
40	4.81169e-05	35	0.0921666	0
40	4.81169e-05	36	0.105527	0
40	4.81169e-05	37	0.118887	0
40	4.81169e-05	38	0.132247	0
40	4.81169e-05	39	0.145607	0
40	4.81169e-05	40	0.158967	0
40	4.81169e-05	41	0.172328	0
40	4.81169e-05	42	0.185688	0
40	4.81169e-05	43	0.199048	0
40	4.81169e-05	44	0.212408	0
40	4.81169e-05	45	0.225768	0
40	4.81169e-05	46	0.239128	0
40	4.81169e-05	47	0.252489	0
40	4.81169e-05	48	0.265849	0
40	4.81169e-05	49	0.279209	0
41	4.9305e-05	0	-0.375439	0
41	4.9305e-05	1	-0.362079	0
41	4.9305e-05	2	-0.348719	0
41	4.9305e-05	3	-0.335359	0
41	4.9305e-05	4	-0.321999	0
41	4.9305e-05	5	-0.308638	0
41	4.9305e-05	6	-0.295278	0
41	4.9305e-05	7	-0.281918	0
41	4.9305e-05	8	-0.268558	0
41	4.9305e-05	9	-0.255198	0
41	4.9305e-05	10	-0.241838	0
41	4.9305e-05	11	-0.228477	0
41	4.9305e-05	12	-0.215117	0
41	4.9305e-05	13	-0.201757	0
41	4.9305e-05	14	-0.188397	0
41	4.9305e-05	15	-0.175037	0
41	4.9305e-05	16	-0.161677	0
41	4.9305e-05	17	-0.148316	0
41	4.9305e-05	18	-0.134956	0
41	4.9305e-05	19	-0.121596	0
41	4.9305e-05	20	-0.108236	0
41	4.9305e-05	21	-0.0948757	0
41	4.9305e-05	22	-0.0815155	0
41	4.9305e-05	23	-0.0681554	0
41	4.9305e-05	24	-0.0547952	0
41	4.9305e-05	25	-0.041435	0.00807582
41	4.9305e-05	26	-0.0280749	0.1034
41	4.9305e-05	27	-0.0147147	0.234268
41	4.9305e-05	28	-0.00135454	0.297211
41	4.9305e-05	29	0.0120056	0.211605
41	4.9305e-05	30	0.0253658	0.119559
41	4.9305e-05	31	0.038726	0.0258812
41	4.9305e-05	32	0.0520861	0
41	4.9305e-05	33	0.0654463	0
41	4.9305e-05	34	0.0788065	0
41	4.9305e-05	35	0.0921666	0
41	4.9305e-05	36	0.105527	0
41	4.9305e-05	37	0.118887	0
41	4.9305e-05	38	0.132247	0
41	4.9305e-05	39	0.145607	0
41	4.9305e-05	40	0.158967	0
41	4.9305e-05	41	0.172328	0
41	4.9305e-05	42	0.185688	0
41	4.9305e-05	43	0.199048	0
41	4.9305e-05	44	0.212408	0
41	4.9305e-05	45	0.225768	0
41	4.9305e-05	46	0.239128	0
41	4.9305e-05	47	0.252489	0
41	4.9305e-05	48	0.265849	0
41	4.9305e-05	49	0.279209	0
42	5.04931e-05	0	-0.375439	0
42	5.04931e-05	1	-0.362079	0
42	5.04931e-05	2	-0.348719	0
42	5.04931e-05	3	-0.335359	0
42	5.04931e-05	4	-0.321999	0
42	5.04931e-05	5	-0.308638	0
42	5.04931e-05	6	-0.295278	0
42	5.04931e-05	7	-0.281918	0
42	5.04931e-05	8	-0.268558	0
42	5.04931e-05	9	-0.255198	0
42	5.04931e-05	10	-0.241838	0
42	5.04931e-05	11	-0.228477	0
42	5.04931e-05	12	-0.215117	0
42	5.04931e-05	13	-0.201757	0
42	5.04931e-05	14	-0.188397	0
42	5.04931e-05	15	-0.175037	0
42	5.04931e-05	16	-0.161677	0
42	5.04931e-05	17	-0.148316	0
42	5.04931e-05	18	-0.134956	0
42	5.04931e-05	19	-0.121596	0
42	5.04931e-05	20	-0.108236	0
42	5.04931e-05	21	-0.0948757	0
42	5.04931e-05	22	-0.0815155	0
42	5.04931e-05	23	-0.0681554	0
42	5.04931e-05	24	-0.0547952	0
42	5.04931e-05	25	-0.041435	0.00205676
42	5.04931e-05	26	-0.0280749	0.0946541
42	5.04931e-05	27	-0.0147147	0.261291
42	5.04931e-05	28	-0.00135454	0.246886
42	5.04931e-05	29	0.0120056	0.207811
42	5.04931e-05	30	0.0253658	0.164628
42	5.04931e-05	31	0.038726	0.0185302
42	5.04931e-05	32	0.0520861	0.0041427
42	5.04931e-05	33	0.0654463	0
42	5.04931e-05	34	0.0788065	0
42	5.04931e-05	35	0.0921666	0
42	5.04931e-05	36	0.105527	0
42	5.04931e-05	37	0.118887	0
42	5.04931e-05	38	0.132247	0
42	5.04931e-05	39	0.145607	0
42	5.04931e-05	40	0.158967	0
42	5.04931e-05	41	0.172328	0
42	5.04931e-05	42	0.185688	0
42	5.04931e-05	43	0.199048	0
42	5.04931e-05	44	0.212408	0
42	5.04931e-05	45	0.225768	0
42	5.04931e-05	46	0.239128	0
42	5.04931e-05	47	0.252489	0
42	5.04931e-05	48	0.265849	0
42	5.04931e-05	49	0.279209	0
43	5.16812e-05	0	-0.375439	0
43	5.16812e-05	1	-0.362079	0
43	5.16812e-05	2	-0.348719	0
43	5.16812e-05	3	-0.335359	0
43	5.16812e-05	4	-0.321999	0
43	5.16812e-05	5	-0.308638	0
43	5.16812e-05	6	-0.295278	0
43	5.16812e-05	7	-0.281918	0
43	5.16812e-05	8	-0.268558	0
43	5.16812e-05	9	-0.255198	0
43	5.16812e-05	10	-0.241838	0
43	5.16812e-05	11	-0.228477	0
43	5.16812e-05	12	-0.215117	0
43	5.16812e-05	13	-0.201757	0
43	5.16812e-05	14	-0.188397	0
43	5.16812e-05	15	-0.175037	0
43	5.16812e-05	16	-0.161677	0
43	5.16812e-05	17	-0.148316	0
43	5.16812e-05	18	-0.134956	0
43	5.16812e-05	19	-0.121596	0
43	5.16812e-05	20	-0.108236	0
43	5.16812e-05	21	-0.0948757	0
43	5.16812e-05	22	-0.0815155	0
43	5.16812e-05	23	-0.0681554	0
43	5.16812e-05	24	-0.0547952	0
43	5.16812e-05	25	-0.041435	0.00793643
43	5.16812e-05	26	-0.0280749	0.066139
43	5.16812e-05	27	-0.0147147	0.272477
43	5.16812e-05	28	-0.00135454	0.261898
43	5.16812e-05	29	0.0120056	0.238101
43	5.16812e-05	30	0.0253658	0.148138
43	5.16812e-05	31	0.038726	0.00531137
43	5.16812e-05	32	0.0520861	0
43	5.16812e-05	33	0.0654463	0
43	5.16812e-05	34	0.0788065	0
43	5.16812e-05	35	0.0921666	0
43	5.16812e-05	36	0.105527	0
43	5.16812e-05	37	0.118887	0
43	5.16812e-05	38	0.132247	0
43	5.16812e-05	39	0.145607	0
43	5.16812e-05	40	0.158967	0
43	5.16812e-05	41	0.172328	0
43	5.16812e-05	42	0.185688	0
43	5.16812e-05	43	0.199048	0
43	5.16812e-05	44	0.212408	0
43	5.16812e-05	45	0.225768	0
43	5.16812e-05	46	0.239128	0
43	5.16812e-05	47	0.252489	0
43	5.16812e-05	48	0.265849	0
43	5.16812e-05	49	0.279209	0
44	5.28692e-05	0	-0.375439	0
44	5.28692e-05	1	-0.362079	0
44	5.28692e-05	2	-0.348719	0
44	5.28692e-05	3	-0.335359	0
44	5.28692e-05	4	-0.321999	0
44	5.28692e-05	5	-0.308638	0
44	5.28692e-05	6	-0.295278	0
44	5.28692e-05	7	-0.281918	0
44	5.28692e-05	8	-0.268558	0
44	5.28692e-05	9	-0.255198	0
44	5.28692e-05	10	-0.241838	0
44	5.28692e-05	11	-0.228477	0
44	5.28692e-05	12	-0.215117	0
44	5.28692e-05	13	-0.201757	0
44	5.28692e-05	14	-0.188397	0
44	5.28692e-05	15	-0.175037	0
44	5.28692e-05	16	-0.161677	0
44	5.28692e-05	17	-0.148316	0
44	5.28692e-05	18	-0.134956	0
44	5.28692e-05	19	-0.121596	0
44	5.28692e-05	20	-0.108236	0
44	5.28692e-05	21	-0.0948757	0
44	5.28692e-05	22	-0.0815155	0
44	5.28692e-05	23	-0.0681554	0
44	5.28692e-05	24	-0.0547952	0
44	5.28692e-05	25	-0.041435	0
44	5.28692e-05	26	-0.0280749	0.0269392
44	5.28692e-05	27	-0.0147147	0.245781
44	5.28692e-05	28	-0.00135454	0.30638
44	5.28692e-05	29	0.0120056	0.276075
44	5.28692e-05	30	0.0253658	0.131316
44	5.28692e-05	31	0.038726	0.0135085
44	5.28692e-05	32	0.0520861	0
44	5.28692e-05	33	0.0654463	0
44	5.28692e-05	34	0.0788065	0
44	5.28692e-05	35	0.0921666	0
44	5.28692e-05	36	0.105527	0
44	5.28692e-05	37	0.118887	0
44	5.28692e-05	38	0.132247	0
44	5.28692e-05	39	0.145607	0
44	5.28692e-05	40	0.158967	0
44	5.28692e-05	41	0.172328	0
44	5.28692e-05	42	0.185688	0
44	5.28692e-05	43	0.199048	0
44	5.28692e-05	44	0.212408	0
44	5.28692e-05	45	0.225768	0
44	5.28692e-05	46	0.239128	0
44	5.28692e-05	47	0.252489	0
44	5.28692e-05	48	0.265849	0
44	5.28692e-05	49	0.279209	0
45	5.40573e-05	0	-0.375439	0
45	5.40573e-05	1	-0.362079	0
45	5.40573e-05	2	-0.348719	0
45	5.40573e-05	3	-0.335359	0
45	5.40573e-05	4	-0.321999	0
45	5.40573e-05	5	-0.308638	0
45	5.40573e-05	6	-0.295278	0
45	5.40573e-05	7	-0.281918	0
45	5.40573e-05	8	-0.268558	0
45	5.40573e-05	9	-0.255198	0
45	5.40573e-05	10	-0.241838	0
45	5.40573e-05	11	-0.228477	0
45	5.40573e-05	12	-0.215117	0
45	5.40573e-05	13	-0.201757	0
45	5.40573e-05	14	-0.188397	0
45	5.40573e-05	15	-0.175037	0
45	5.40573e-05	16	-0.161677	0
45	5.40573e-05	17	-0.148316	0
45	5.40573e-05	18	-0.134956	0
45	5.40573e-05	19	-0.121596	0
45	5.40573e-05	20	-0.108236	0
45	5.40573e-05	21	-0.0948757	0
45	5.40573e-05	22	-0.0815155	0
45	5.40573e-05	23	-0.0681554	0
45	5.40573e-05	24	-0.0547952	0
45	5.40573e-05	25	-0.041435	0.00423918
45	5.40573e-05	26	-0.0280749	0.0423727
45	5.40573e-05	27	-0.0147147	0.23304
45	5.40573e-05	28	-0.00135454	0.317774
45	5.40573e-05	29	0.0120056	0.343217
45	5.40573e-05	30	0.0253658	0.046626
45	5.40573e-05	31	0.038726	0.0127312
45	5.40573e-05	32	0.0520861	0
45	5.40573e-05	33	0.0654463	0
45	5.40573e-05	34	0.0788065	0
45	5.40573e-05	35	0.0921666	0
45	5.40573e-05	36	0.105527	0
45	5.40573e-05	37	0.118887	0
45	5.40573e-05	38	0.132247	0
45	5.40573e-05	39	0.145607	0
45	5.40573e-05	40	0.158967	0
45	5.40573e-05	41	0.172328	0
45	5.40573e-05	42	0.185688	0
45	5.40573e-05	43	0.199048	0
45	5.40573e-05	44	0.212408	0
45	5.40573e-05	45	0.225768	0
45	5.40573e-05	46	0.239128	0
45	5.40573e-05	47	0.252489	0
45	5.40573e-05	48	0.265849	0
45	5.40573e-05	49	0.279209	0
46	5.52454e-05	0	-0.375439	0
46	5.52454e-05	1	-0.362079	0
46	5.52454e-05	2	-0.348719	0
46	5.52454e-05	3	-0.335359	0
46	5.52454e-05	4	-0.321999	0
46	5.52454e-05	5	-0.308638	0
46	5.52454e-05	6	-0.295278	0
46	5.52454e-05	7	-0.281918	0
46	5.52454e-05	8	-0.268558	0
46	5.52454e-05	9	-0.255198	0
46	5.52454e-05	10	-0.241838	0
46	5.52454e-05	11	-0.228477	0
46	5.52454e-05	12	-0.215117	0
46	5.52454e-05	13	-0.201757	0
46	5.52454e-05	14	-0.188397	0
46	5.52454e-05	15	-0.175037	0
46	5.52454e-05	16	-0.161677	0
46	5.52454e-05	17	-0.148316	0
46	5.52454e-05	18	-0.134956	0
46	5.52454e-05	19	-0.121596	0
46	5.52454e-05	20	-0.108236	0
46	5.52454e-05	21	-0.0948757	0
46	5.52454e-05	22	-0.0815155	0
46	5.52454e-05	23	-0.0681554	0
46	5.52454e-05	24	-0.0547952	0
46	5.52454e-05	25	-0.041435	0
46	5.52454e-05	26	-0.0280749	0.0318171
46	5.52454e-05	27	-0.0147147	0.154544
46	5.52454e-05	28	-0.00135454	0.468166
46	5.52454e-05	29	0.0120056	0.313627
46	5.52454e-05	30	0.0253658	0.022738
46	5.52454e-05	31	0.038726	0.00910797
46	5.52454e-05	32	0.0520861	0
46	5.52454e-05	33	0.0654463	0
46	5.52454e-05	34	0.0788065	0
46	5.52454e-05	35	0.0921666	0
46	5.52454e-05	36	0.105527	0
46	5.52454e-05	37	0.118887	0
46	5.52454e-05	38	0.132247	0
46	5.52454e-05	39	0.145607	0
46	5.52454e-05	40	0.158967	0
46	5.52454e-05	41	0.172328	0
46	5.52454e-05	42	0.185688	0
46	5.52454e-05	43	0.199048	0
46	5.52454e-05	44	0.212408	0
46	5.52454e-05	45	0.225768	0
46	5.52454e-05	46	0.239128	0
46	5.52454e-05	47	0.252489	0
46	5.52454e-05	48	0.265849	0
46	5.52454e-05	49	0.279209	0
47	5.64334e-05	0	-0.375439	0
47	5.64334e-05	1	-0.362079	0
47	5.64334e-05	2	-0.348719	0
47	5.64334e-05	3	-0.335359	0
47	5.64334e-05	4	-0.321999	0
47	5.64334e-05	5	-0.308638	0
47	5.64334e-05	6	-0.295278	0
47	5.64334e-05	7	-0.281918	0
47	5.64334e-05	8	-0.268558	0
47	5.64334e-05	9	-0.255198	0
47	5.64334e-05	10	-0.241838	0
47	5.64334e-05	11	-0.228477	0
47	5.64334e-05	12	-0.215117	0
47	5.64334e-05	13	-0.201757	0
47	5.64334e-05	14	-0.188397	0
47	5.64334e-05	15	-0.175037	0
47	5.64334e-05	16	-0.161677	0
47	5.64334e-05	17	-0.148316	0
47	5.64334e-05	18	-0.134956	0
47	5.64334e-05	19	-0.121596	0
47	5.64334e-05	20	-0.108236	0
47	5.64334e-05	21	-0.0948757	0
47	5.64334e-05	22	-0.0815155	0
47	5.64334e-05	23	-0.0681554	0
47	5.64334e-05	24	-0.0547952	0
47	5.64334e-05	25	-0.041435	0
47	5.64334e-05	26	-0.0280749	0.00819538
47	5.64334e-05	27	-0.0147147	0.204907
47	5.64334e-05	28	-0.00135454	0.483596
47	5.64334e-05	29	0.0120056	0.254092
47	5.64334e-05	30	0.0253658	0.04921
47	5.64334e-05	31	0.038726	0
47	5.64334e-05	32	0.0520861	0
47	5.64334e-05	33	0.0654463	0
47	5.64334e-05	34	0.0788065	0
47	5.64334e-05	35	0.0921666	0
47	5.64334e-05	36	0.105527	0
47	5.64334e-05	37	0.118887	0
47	5.64334e-05	38	0.132247	0
47	5.64334e-05	39	0.145607	0
47	5.64334e-05	40	0.158967	0
47	5.64334e-05	41	0.172328	0
47	5.64334e-05	42	0.185688	0
47	5.64334e-05	43	0.199048	0
47	5.64334e-05	44	0.212408	0
47	5.64334e-05	45	0.225768	0
47	5.64334e-05	46	0.239128	0
47	5.64334e-05	47	0.252489	0
47	5.64334e-05	48	0.265849	0
47	5.64334e-05	49	0.279209	0
48	5.76215e-05	0	-0.375439	0
48	5.76215e-05	1	-0.362079	0
48	5.76215e-05	2	-0.348719	0
48	5.76215e-05	3	-0.335359	0
48	5.76215e-05	4	-0.321999	0
48	5.76215e-05	5	-0.308638	0
48	5.76215e-05	6	-0.295278	0
48	5.76215e-05	7	-0.281918	0
48	5.76215e-05	8	-0.268558	0
48	5.76215e-05	9	-0.255198	0
48	5.76215e-05	10	-0.241838	0
48	5.76215e-05	11	-0.228477	0
48	5.76215e-05	12	-0.215117	0
48	5.76215e-05	13	-0.201757	0
48	5.76215e-05	14	-0.188397	0
48	5.76215e-05	15	-0.175037	0
48	5.76215e-05	16	-0.161677	0
48	5.76215e-05	17	-0.148316	0
48	5.76215e-05	18	-0.134956	0
48	5.76215e-05	19	-0.121596	0
48	5.76215e-05	20	-0.108236	0
48	5.76215e-05	21	-0.0948757	0
48	5.76215e-05	22	-0.0815155	0
48	5.76215e-05	23	-0.0681554	0
48	5.76215e-05	24	-0.0547952	0
48	5.76215e-05	25	-0.041435	0
48	5.76215e-05	26	-0.0280749	0.046153
48	5.76215e-05	27	-0.0147147	0.307681
48	5.76215e-05	28	-0.00135454	0.384595
48	5.76215e-05	29	0.0120056	0.215394
48	5.76215e-05	30	0.0253658	0.0461766
48	5.76215e-05	31	0.038726	0
48	5.76215e-05	32	0.0520861	0
48	5.76215e-05	33	0.0654463	0
48	5.76215e-05	34	0.0788065	0
48	5.76215e-05	35	0.0921666	0
48	5.76215e-05	36	0.105527	0
48	5.76215e-05	37	0.118887	0
48	5.76215e-05	38	0.132247	0
48	5.76215e-05	39	0.145607	0
48	5.76215e-05	40	0.158967	0
48	5.76215e-05	41	0.172328	0
48	5.76215e-05	42	0.185688	0
48	5.76215e-05	43	0.199048	0
48	5.76215e-05	44	0.212408	0
48	5.76215e-05	45	0.225768	0
48	5.76215e-05	46	0.239128	0
48	5.76215e-05	47	0.252489	0
48	5.76215e-05	48	0.265849	0
48	5.76215e-05	49	0.279209	0
49	5.88096e-05	0	-0.375439	0
49	5.88096e-05	1	-0.362079	0
49	5.88096e-05	2	-0.348719	0
49	5.88096e-05	3	-0.335359	0
49	5.88096e-05	4	-0.321999	0
49	5.88096e-05	5	-0.308638	0
49	5.88096e-05	6	-0.295278	0
49	5.88096e-05	7	-0.281918	0
49	5.88096e-05	8	-0.268558	0
49	5.88096e-05	9	-0.255198	0
49	5.88096e-05	10	-0.241838	0
49	5.88096e-05	11	-0.228477	0
49	5.88096e-05	12	-0.215117	0
49	5.88096e-05	13	-0.201757	0
49	5.88096e-05	14	-0.188397	0
49	5.88096e-05	15	-0.175037	0
49	5.88096e-05	16	-0.161677	0
49	5.88096e-05	17	-0.148316	0
49	5.88096e-05	18	-0.134956	0
49	5.88096e-05	19	-0.121596	0
49	5.88096e-05	20	-0.108236	0
49	5.88096e-05	21	-0.0948757	0
49	5.88096e-05	22	-0.0815155	0
49	5.88096e-05	23	-0.0681554	0
49	5.88096e-05	24	-0.0547952	0
49	5.88096e-05	25	-0.041435	0
49	5.88096e-05	26	-0.0280749	0
49	5.88096e-05	27	-0.0147147	0.217366
49	5.88096e-05	28	-0.00135454	0.586966
49	5.88096e-05	29	0.0120056	0.195669
49	5.88096e-05	30	0.0253658	0
49	5.88096e-05	31	0.038726	0
49	5.88096e-05	32	0.0520861	0
49	5.88096e-05	33	0.0654463	0
49	5.88096e-05	34	0.0788065	0
49	5.88096e-05	35	0.0921666	0
49	5.88096e-05	36	0.105527	0
49	5.88096e-05	37	0.118887	0
49	5.88096e-05	38	0.132247	0
49	5.88096e-05	39	0.145607	0
49	5.88096e-05	40	0.158967	0
49	5.88096e-05	41	0.172328	0
49	5.88096e-05	42	0.185688	0
49	5.88096e-05	43	0.199048	0
49	5.88096e-05	44	0.212408	0
49	5.88096e-05	45	0.225768	0
49	5.88096e-05	46	0.239128	0
49	5.88096e-05	47	0.252489	0
49	5.88096e-05	48	0.265849	0
49	5.88096e-05	49	0.279209	0
