# binIndex1	binCenter1	binIndex2	binCenter2	count
0	5.94036e-07	0	-0.375439	0
0	5.94036e-07	1	-0.362079	0
0	5.94036e-07	2	-0.348719	0
0	5.94036e-07	3	-0.335359	0
0	5.94036e-07	4	-0.321999	0
0	5.94036e-07	5	-0.308638	0
0	5.94036e-07	6	-0.295278	0
0	5.94036e-07	7	-0.281918	0
0	5.94036e-07	8	-0.268558	0
0	5.94036e-07	9	-0.255198	0
0	5.94036e-07	10	-0.241838	0
0	5.94036e-07	11	-0.228477	0
0	5.94036e-07	12	-0.215117	0
0	5.94036e-07	13	-0.201757	0
0	5.94036e-07	14	-0.188397	0
0	5.94036e-07	15	-0.175037	0
0	5.94036e-07	16	-0.161677	0
0	5.94036e-07	17	-0.148316	0
0	5.94036e-07	18	-0.134956	0
0	5.94036e-07	19	-0.121596	0
0	5.94036e-07	20	-0.108236	0
0	5.94036e-07	21	-0.0948757	0
0	5.94036e-07	22	-0.0815155	0
0	5.94036e-07	23	-0.0681554	0
0	5.94036e-07	24	-0.0547952	0
0	5.94036e-07	25	-0.041435	32.4605
0	5.94036e-07	26	-0.0280749	3988.61
0	5.94036e-07	27	-0.0147147	189433
0	5.94036e-07	28	-0.00135454	2.84361e+06
0	5.94036e-07	29	0.0120056	358711
0	5.94036e-07	30	0.0253658	10242.5
0	5.94036e-07	31	0.038726	40.5565
0	5.94036e-07	32	0.0520861	0
0	5.94036e-07	33	0.0654463	0
0	5.94036e-07	34	0.0788065	0
0	5.94036e-07	35	0.0921666	0
0	5.94036e-07	36	0.105527	0
0	5.94036e-07	37	0.118887	0
0	5.94036e-07	38	0.132247	0
0	5.94036e-07	39	0.145607	0
0	5.94036e-07	40	0.158967	0
0	5.94036e-07	41	0.172328	0
0	5.94036e-07	42	0.185688	0
0	5.94036e-07	43	0.199048	0
0	5.94036e-07	44	0.212408	0
0	5.94036e-07	45	0.225768	0
0	5.94036e-07	46	0.239128	0
0	5.94036e-07	47	0.252489	0
0	5.94036e-07	48	0.265849	0
0	5.94036e-07	49	0.279209	0
1	1.78211e-06	0	-0.375439	0
1	1.78211e-06	1	-0.362079	0
1	1.78211e-06	2	-0.348719	0
1	1.78211e-06	3	-0.335359	0
1	1.78211e-06	4	-0.321999	0
1	1.78211e-06	5	-0.308638	0
1	1.78211e-06	6	-0.295278	0
1	1.78211e-06	7	-0.281918	0
1	1.78211e-06	8	-0.268558	0
1	1.78211e-06	9	-0.255198	0
1	1.78211e-06	10	-0.241838	0
1	1.78211e-06	11	-0.228477	0
1	1.78211e-06	12	-0.215117	0
1	1.78211e-06	13	-0.201757	0
1	1.78211e-06	14	-0.188397	0
1	1.78211e-06	15	-0.175037	0
1	1.78211e-06	16	-0.161677	0
1	1.78211e-06	17	-0.148316	0
1	1.78211e-06	18	-0.134956	0
1	1.78211e-06	19	-0.121596	0
1	1.78211e-06	20	-0.108236	0
1	1.78211e-06	21	-0.0948757	8.33599
1	1.78211e-06	22	-0.0815155	0
1	1.78211e-06	23	-0.0681554	9.96085
1	1.78211e-06	24	-0.0547952	52.8071
1	1.78211e-06	25	-0.041435	1394.39
1	1.78211e-06	26	-0.0280749	49918.5
1	1.78211e-06	27	-0.0147147	457275
1	1.78211e-06	28	-0.00135454	2.14412e+06
1	1.78211e-06	29	0.0120056	669015
1	1.78211e-06	30	0.0253658	88468.3
1	1.78211e-06	31	0.038726	3193.91
1	1.78211e-06	32	0.0520861	48.9833
1	1.78211e-06	33	0.0654463	9.78608
1	1.78211e-06	34	0.0788065	4.72298
1	1.78211e-06	35	0.0921666	4.17437
1	1.78211e-06	36	0.105527	1.64264
1	1.78211e-06	37	0.118887	3.28399
1	1.78211e-06	38	0.132247	0
1	1.78211e-06	39	0.145607	0
1	1.78211e-06	40	0.158967	0
1	1.78211e-06	41	0.172328	0
1	1.78211e-06	42	0.185688	0
1	1.78211e-06	43	0.199048	0
1	1.78211e-06	44	0.212408	0
1	1.78211e-06	45	0.225768	0
1	1.78211e-06	46	0.239128	0
1	1.78211e-06	47	0.252489	0
1	1.78211e-06	48	0.265849	0
1	1.78211e-06	49	0.279209	0
2	2.97018e-06	0	-0.375439	0
2	2.97018e-06	1	-0.362079	0
2	2.97018e-06	2	-0.348719	0
2	2.97018e-06	3	-0.335359	0
2	2.97018e-06	4	-0.321999	0
2	2.97018e-06	5	-0.308638	0
2	2.97018e-06	6	-0.295278	0
2	2.97018e-06	7	-0.281918	0
2	2.97018e-06	8	-0.268558	0
2	2.97018e-06	9	-0.255198	0
2	2.97018e-06	10	-0.241838	0
2	2.97018e-06	11	-0.228477	0
2	2.97018e-06	12	-0.215117	0
2	2.97018e-06	13	-0.201757	0
2	2.97018e-06	14	-0.188397	0
2	2.97018e-06	15	-0.175037	0
2	2.97018e-06	16	-0.161677	0
2	2.97018e-06	17	-0.148316	0
2	2.97018e-06	18	-0.134956	6.5568
2	2.97018e-06	19	-0.121596	2.5321
2	2.97018e-06	20	-0.108236	6.61159
2	2.97018e-06	21	-0.0948757	4.89682
2	2.97018e-06	22	-0.0815155	10.994
2	2.97018e-06	23	-0.0681554	22.6101
2	2.97018e-06	24	-0.0547952	409.475
2	2.97018e-06	25	-0.041435	9038.35
2	2.97018e-06	26	-0.0280749	116120
2	2.97018e-06	27	-0.0147147	531888
2	2.97018e-06	28	-0.00135454	1.76789e+06
2	2.97018e-06	29	0.0120056	732404
2	2.97018e-06	30	0.0253658	158165
2	2.97018e-06	31	0.038726	17288.6
2	2.97018e-06	32	0.0520861	775.635
2	2.97018e-06	33	0.0654463	40.2977
2	2.97018e-06	34	0.0788065	18.0272
2	2.97018e-06	35	0.0921666	6.5376
2	2.97018e-06	36	0.105527	4.07774
2	2.97018e-06	37	0.118887	0
2	2.97018e-06	38	0.132247	0
2	2.97018e-06	39	0.145607	0
2	2.97018e-06	40	0.158967	0
2	2.97018e-06	41	0.172328	0
2	2.97018e-06	42	0.185688	0
2	2.97018e-06	43	0.199048	0
2	2.97018e-06	44	0.212408	0
2	2.97018e-06	45	0.225768	0
2	2.97018e-06	46	0.239128	0
2	2.97018e-06	47	0.252489	0
2	2.97018e-06	48	0.265849	0
2	2.97018e-06	49	0.279209	0
3	4.15825e-06	0	-0.375439	0
3	4.15825e-06	1	-0.362079	0
3	4.15825e-06	2	-0.348719	0
3	4.15825e-06	3	-0.335359	0
3	4.15825e-06	4	-0.321999	0
3	4.15825e-06	5	-0.308638	0
3	4.15825e-06	6	-0.295278	0
3	4.15825e-06	7	-0.281918	0
3	4.15825e-06	8	-0.268558	0
3	4.15825e-06	9	-0.255198	0
3	4.15825e-06	10	-0.241838	0
3	4.15825e-06	11	-0.228477	0
3	4.15825e-06	12	-0.215117	1.64191
3	4.15825e-06	13	-0.201757	0
3	4.15825e-06	14	-0.188397	0
3	4.15825e-06	15	-0.175037	1.64265
3	4.15825e-06	16	-0.161677	1.62953
3	4.15825e-06	17	-0.148316	0
3	4.15825e-06	18	-0.134956	0
3	4.15825e-06	19	-0.121596	3.45665
3	4.15825e-06	20	-0.108236	3.41592
3	4.15825e-06	21	-0.0948757	4.7852
3	4.15825e-06	22	-0.0815155	7.53137
3	4.15825e-06	23	-0.0681554	150.215
3	4.15825e-06	24	-0.0547952	1472.19
3	4.15825e-06	25	-0.041435	23572.2
3	4.15825e-06	26	-0.0280749	133006
3	4.15825e-06	27	-0.0147147	627040
3	4.15825e-06	28	-0.00135454	1.57204e+06
3	4.15825e-06	29	0.0120056	820989
3	4.15825e-06	30	0.0253658	186520
3	4.15825e-06	31	0.038726	36001.8
3	4.15825e-06	32	0.0520861	2839.37
3	4.15825e-06	33	0.0654463	243.726
3	4.15825e-06	34	0.0788065	28.3924
3	4.15825e-06	35	0.0921666	12.7181
3	4.15825e-06	36	0.105527	7.60868
3	4.15825e-06	37	0.118887	6.60235
3	4.15825e-06	38	0.132247	2.45407
3	4.15825e-06	39	0.145607	2.44876
3	4.15825e-06	40	0.158967	0
3	4.15825e-06	41	0.172328	0
3	4.15825e-06	42	0.185688	1.64191
3	4.15825e-06	43	0.199048	0
3	4.15825e-06	44	0.212408	0
3	4.15825e-06	45	0.225768	0
3	4.15825e-06	46	0.239128	0
3	4.15825e-06	47	0.252489	0
3	4.15825e-06	48	0.265849	0
3	4.15825e-06	49	0.279209	0
4	5.34633e-06	0	-0.375439	0
4	5.34633e-06	1	-0.362079	0
4	5.34633e-06	2	-0.348719	0
4	5.34633e-06	3	-0.335359	0
4	5.34633e-06	4	-0.321999	0
4	5.34633e-06	5	-0.308638	0
4	5.34633e-06	6	-0.295278	0
4	5.34633e-06	7	-0.281918	0
4	5.34633e-06	8	-0.268558	0
4	5.34633e-06	9	-0.255198	0
4	5.34633e-06	10	-0.241838	0
4	5.34633e-06	11	-0.228477	0
4	5.34633e-06	12	-0.215117	0
4	5.34633e-06	13	-0.201757	0
4	5.34633e-06	14	-0.188397	0
4	5.34633e-06	15	-0.175037	4.90258
4	5.34633e-06	16	-0.161677	0
4	5.34633e-06	17	-0.148316	2.44876
4	5.34633e-06	18	-0.134956	0
4	5.34633e-06	19	-0.121596	2.45388
4	5.34633e-06	20	-0.108236	3.14335
4	5.34633e-06	21	-0.0948757	45.3924
4	5.34633e-06	22	-0.0815155	68.3406
4	5.34633e-06	23	-0.0681554	382.535
4	5.34633e-06	24	-0.0547952	4129.96
4	5.34633e-06	25	-0.041435	32449.5
4	5.34633e-06	26	-0.0280749	193196
4	5.34633e-06	27	-0.0147147	719712
4	5.34633e-06	28	-0.00135454	1.72689e+06
4	5.34633e-06	29	0.0120056	896039
4	5.34633e-06	30	0.0253658	252541
4	5.34633e-06	31	0.038726	42715.3
4	5.34633e-06	32	0.0520861	6105.12
4	5.34633e-06	33	0.0654463	573.224
4	5.34633e-06	34	0.0788065	104.975
4	5.34633e-06	35	0.0921666	43.9553
4	5.34633e-06	36	0.105527	6.92332
4	5.34633e-06	37	0.118887	3.45665
4	5.34633e-06	38	0.132247	11.9944
4	5.34633e-06	39	0.145607	0
4	5.34633e-06	40	0.158967	0
4	5.34633e-06	41	0.172328	0
4	5.34633e-06	42	0.185688	0
4	5.34633e-06	43	0.199048	0
4	5.34633e-06	44	0.212408	0
4	5.34633e-06	45	0.225768	0
4	5.34633e-06	46	0.239128	0
4	5.34633e-06	47	0.252489	1.64292
4	5.34633e-06	48	0.265849	0
4	5.34633e-06	49	0.279209	0
5	6.5344e-06	0	-0.375439	0
5	6.5344e-06	1	-0.362079	0
5	6.5344e-06	2	-0.348719	0
5	6.5344e-06	3	-0.335359	0
5	6.5344e-06	4	-0.321999	0
5	6.5344e-06	5	-0.308638	0
5	6.5344e-06	6	-0.295278	0
5	6.5344e-06	7	-0.281918	0
5	6.5344e-06	8	-0.268558	0
5	6.5344e-06	9	-0.255198	0
5	6.5344e-06	10	-0.241838	0
5	6.5344e-06	11	-0.228477	0
5	6.5344e-06	12	-0.215117	0
5	6.5344e-06	13	-0.201757	2.45382
5	6.5344e-06	14	-0.188397	0
5	6.5344e-06	15	-0.175037	0
5	6.5344e-06	16	-0.161677	0
5	6.5344e-06	17	-0.148316	0
5	6.5344e-06	18	-0.134956	12.898
5	6.5344e-06	19	-0.121596	3.47812
5	6.5344e-06	20	-0.108236	6.15185
5	6.5344e-06	21	-0.0948757	50.1484
5	6.5344e-06	22	-0.0815155	88.8936
5	6.5344e-06	23	-0.0681554	898.975
5	6.5344e-06	24	-0.0547952	4434.76
5	6.5344e-06	25	-0.041435	38727.8
5	6.5344e-06	26	-0.0280749	235011
5	6.5344e-06	27	-0.0147147	750464
5	6.5344e-06	28	-0.00135454	1.32004e+06
5	6.5344e-06	29	0.0120056	876445
5	6.5344e-06	30	0.0253658	299891
5	6.5344e-06	31	0.038726	60460.3
5	6.5344e-06	32	0.0520861	7033.21
5	6.5344e-06	33	0.0654463	1131.61
5	6.5344e-06	34	0.0788065	149.42
5	6.5344e-06	35	0.0921666	41.448
5	6.5344e-06	36	0.105527	23.6288
5	6.5344e-06	37	0.118887	3.27283
5	6.5344e-06	38	0.132247	23.0929
5	6.5344e-06	39	0.145607	7.81133
5	6.5344e-06	40	0.158967	3.43925
5	6.5344e-06	41	0.172328	0
5	6.5344e-06	42	0.185688	0
5	6.5344e-06	43	0.199048	2.44828
5	6.5344e-06	44	0.212408	0
5	6.5344e-06	45	0.225768	0
5	6.5344e-06	46	0.239128	0
5	6.5344e-06	47	0.252489	0
5	6.5344e-06	48	0.265849	0
5	6.5344e-06	49	0.279209	0
6	7.72247e-06	0	-0.375439	0
6	7.72247e-06	1	-0.362079	0
6	7.72247e-06	2	-0.348719	1.64283
6	7.72247e-06	3	-0.335359	0
6	7.72247e-06	4	-0.321999	0
6	7.72247e-06	5	-0.308638	0
6	7.72247e-06	6	-0.295278	0
6	7.72247e-06	7	-0.281918	0
6	7.72247e-06	8	-0.268558	0
6	7.72247e-06	9	-0.255198	0
6	7.72247e-06	10	-0.241838	0
6	7.72247e-06	11	-0.228477	0
6	7.72247e-06	12	-0.215117	0
6	7.72247e-06	13	-0.201757	0
6	7.72247e-06	14	-0.188397	0
6	7.72247e-06	15	-0.175037	0
6	7.72247e-06	16	-0.161677	0
6	7.72247e-06	17	-0.148316	8.38904
6	7.72247e-06	18	-0.134956	7.83278
6	7.72247e-06	19	-0.121596	26.5472
6	7.72247e-06	20	-0.108236	25.0167
6	7.72247e-06	21	-0.0948757	34.9419
6	7.72247e-06	22	-0.0815155	212.244
6	7.72247e-06	23	-0.0681554	728.492
6	7.72247e-06	24	-0.0547952	5478.67
6	7.72247e-06	25	-0.041435	55127.3
6	7.72247e-06	26	-0.0280749	276783
6	7.72247e-06	27	-0.0147147	783123
6	7.72247e-06	28	-0.00135454	1.07716e+06
6	7.72247e-06	29	0.0120056	874369
6	7.72247e-06	30	0.0253658	354097
6	7.72247e-06	31	0.038726	81303.7
6	7.72247e-06	32	0.0520861	9137.37
6	7.72247e-06	33	0.0654463	1002.41
6	7.72247e-06	34	0.0788065	283.473
6	7.72247e-06	35	0.0921666	66.5716
6	7.72247e-06	36	0.105527	20.3624
6	7.72247e-06	37	0.118887	13.8408
6	7.72247e-06	38	0.132247	3.03593
6	7.72247e-06	39	0.145607	0
6	7.72247e-06	40	0.158967	0
6	7.72247e-06	41	0.172328	3.41592
6	7.72247e-06	42	0.185688	3.45665
6	7.72247e-06	43	0.199048	0
6	7.72247e-06	44	0.212408	0
6	7.72247e-06	45	0.225768	0
6	7.72247e-06	46	0.239128	0
6	7.72247e-06	47	0.252489	0
6	7.72247e-06	48	0.265849	0
6	7.72247e-06	49	0.279209	0
7	8.91054e-06	0	-0.375439	0
7	8.91054e-06	1	-0.362079	0
7	8.91054e-06	2	-0.348719	0
7	8.91054e-06	3	-0.335359	0
7	8.91054e-06	4	-0.321999	0
7	8.91054e-06	5	-0.308638	0
7	8.91054e-06	6	-0.295278	0
7	8.91054e-06	7	-0.281918	0
7	8.91054e-06	8	-0.268558	0
7	8.91054e-06	9	-0.255198	0
7	8.91054e-06	10	-0.241838	0
7	8.91054e-06	11	-0.228477	0
7	8.91054e-06	12	-0.215117	0
7	8.91054e-06	13	-0.201757	0
7	8.91054e-06	14	-0.188397	0
7	8.91054e-06	15	-0.175037	0
7	8.91054e-06	16	-0.161677	0
7	8.91054e-06	17	-0.148316	6.07688
7	8.91054e-06	18	-0.134956	6.3146
7	8.91054e-06	19	-0.121596	28.2137
7	8.91054e-06	20	-0.108236	3.00189
7	8.91054e-06	21	-0.0948757	57.2577
7	8.91054e-06	22	-0.0815155	128.769
7	8.91054e-06	23	-0.0681554	717.406
7	8.91054e-06	24	-0.0547952	7846.25
7	8.91054e-06	25	-0.041435	69573.6
7	8.91054e-06	26	-0.0280749	325494
7	8.91054e-06	27	-0.0147147	780974
7	8.91054e-06	28	-0.00135454	953104
7	8.91054e-06	29	0.0120056	849457
7	8.91054e-06	30	0.0253658	409449
7	8.91054e-06	31	0.038726	103516
7	8.91054e-06	32	0.0520861	12902.1
7	8.91054e-06	33	0.0654463	1049.38
7	8.91054e-06	34	0.0788065	276.927
7	8.91054e-06	35	0.0921666	93.6626
7	8.91054e-06	36	0.105527	22.2677
7	8.91054e-06	37	0.118887	27.0996
7	8.91054e-06	38	0.132247	9.21694
7	8.91054e-06	39	0.145607	3.49533
7	8.91054e-06	40	0.158967	4.18805
7	8.91054e-06	41	0.172328	4.35277
7	8.91054e-06	42	0.185688	0
7	8.91054e-06	43	0.199048	0
7	8.91054e-06	44	0.212408	0
7	8.91054e-06	45	0.225768	0
7	8.91054e-06	46	0.239128	0
7	8.91054e-06	47	0.252489	0
7	8.91054e-06	48	0.265849	0
7	8.91054e-06	49	0.279209	0
8	1.00986e-05	0	-0.375439	0
8	1.00986e-05	1	-0.362079	0
8	1.00986e-05	2	-0.348719	0
8	1.00986e-05	3	-0.335359	0
8	1.00986e-05	4	-0.321999	0
8	1.00986e-05	5	-0.308638	0
8	1.00986e-05	6	-0.295278	0
8	1.00986e-05	7	-0.281918	0
8	1.00986e-05	8	-0.268558	2.44837
8	1.00986e-05	9	-0.255198	0
8	1.00986e-05	10	-0.241838	0
8	1.00986e-05	11	-0.228477	0
8	1.00986e-05	12	-0.215117	0
8	1.00986e-05	13	-0.201757	0
8	1.00986e-05	14	-0.188397	4.18828
8	1.00986e-05	15	-0.175037	0
8	1.00986e-05	16	-0.161677	7.41921
8	1.00986e-05	17	-0.148316	7.01074
8	1.00986e-05	18	-0.134956	0
8	1.00986e-05	19	-0.121596	6.67651
8	1.00986e-05	20	-0.108236	25.4303
8	1.00986e-05	21	-0.0948757	75.0057
8	1.00986e-05	22	-0.0815155	152.68
8	1.00986e-05	23	-0.0681554	900.557
8	1.00986e-05	24	-0.0547952	11247.8
8	1.00986e-05	25	-0.041435	85323.3
8	1.00986e-05	26	-0.0280749	369369
8	1.00986e-05	27	-0.0147147	758798
8	1.00986e-05	28	-0.00135454	831351
8	1.00986e-05	29	0.0120056	803151
8	1.00986e-05	30	0.0253658	455228
8	1.00986e-05	31	0.038726	124299
8	1.00986e-05	32	0.0520861	17152.4
8	1.00986e-05	33	0.0654463	1630.08
8	1.00986e-05	34	0.0788065	283.309
8	1.00986e-05	35	0.0921666	46.7968
8	1.00986e-05	36	0.105527	9.1408
8	1.00986e-05	37	0.118887	14.0228
8	1.00986e-05	38	0.132247	3.28317
8	1.00986e-05	39	0.145607	10.364
8	1.00986e-05	40	0.158967	3.0534
8	1.00986e-05	41	0.172328	0
8	1.00986e-05	42	0.185688	0
8	1.00986e-05	43	0.199048	4.35435
8	1.00986e-05	44	0.212408	4.19296
8	1.00986e-05	45	0.225768	0
8	1.00986e-05	46	0.239128	0
8	1.00986e-05	47	0.252489	0
8	1.00986e-05	48	0.265849	0
8	1.00986e-05	49	0.279209	0
9	1.12867e-05	0	-0.375439	0
9	1.12867e-05	1	-0.362079	0
9	1.12867e-05	2	-0.348719	0
9	1.12867e-05	3	-0.335359	0
9	1.12867e-05	4	-0.321999	0
9	1.12867e-05	5	-0.308638	0
9	1.12867e-05	6	-0.295278	0
9	1.12867e-05	7	-0.281918	0
9	1.12867e-05	8	-0.268558	0
9	1.12867e-05	9	-0.255198	0
9	1.12867e-05	10	-0.241838	0
9	1.12867e-05	11	-0.228477	8.54731
9	1.12867e-05	12	-0.215117	8.55096
9	1.12867e-05	13	-0.201757	4.353
9	1.12867e-05	14	-0.188397	0
9	1.12867e-05	15	-0.175037	0
9	1.12867e-05	16	-0.161677	2.89843
9	1.12867e-05	17	-0.148316	3.27747
9	1.12867e-05	18	-0.134956	0
9	1.12867e-05	19	-0.121596	9.59018
9	1.12867e-05	20	-0.108236	29.0344
9	1.12867e-05	21	-0.0948757	30.8243
9	1.12867e-05	22	-0.0815155	165.208
9	1.12867e-05	23	-0.0681554	1385.63
9	1.12867e-05	24	-0.0547952	13910.2
9	1.12867e-05	25	-0.041435	103667
9	1.12867e-05	26	-0.0280749	402629
9	1.12867e-05	27	-0.0147147	714207
9	1.12867e-05	28	-0.00135454	763392
9	1.12867e-05	29	0.0120056	747554
9	1.12867e-05	30	0.0253658	488508
9	1.12867e-05	31	0.038726	146499
9	1.12867e-05	32	0.0520861	21386.9
9	1.12867e-05	33	0.0654463	2313.39
9	1.12867e-05	34	0.0788065	310.334
9	1.12867e-05	35	0.0921666	83.1806
9	1.12867e-05	36	0.105527	17.9382
9	1.12867e-05	37	0.118887	13.0889
9	1.12867e-05	38	0.132247	3.29348
9	1.12867e-05	39	0.145607	3.06986
9	1.12867e-05	40	0.158967	3.27283
9	1.12867e-05	41	0.172328	2.83235
9	1.12867e-05	42	0.185688	6.55097
9	1.12867e-05	43	0.199048	0
9	1.12867e-05	44	0.212408	0
9	1.12867e-05	45	0.225768	0
9	1.12867e-05	46	0.239128	0
9	1.12867e-05	47	0.252489	3.41581
9	1.12867e-05	48	0.265849	3.45665
9	1.12867e-05	49	0.279209	0
10	1.24748e-05	0	-0.375439	0
10	1.24748e-05	1	-0.362079	0
10	1.24748e-05	2	-0.348719	0
10	1.24748e-05	3	-0.335359	0
10	1.24748e-05	4	-0.321999	0
10	1.24748e-05	5	-0.308638	0
10	1.24748e-05	6	-0.295278	0
10	1.24748e-05	7	-0.281918	0
10	1.24748e-05	8	-0.268558	0
10	1.24748e-05	9	-0.255198	0
10	1.24748e-05	10	-0.241838	0
10	1.24748e-05	11	-0.228477	4.18828
10	1.24748e-05	12	-0.215117	0
10	1.24748e-05	13	-0.201757	0
10	1.24748e-05	14	-0.188397	0
10	1.24748e-05	15	-0.175037	0
10	1.24748e-05	16	-0.161677	0
10	1.24748e-05	17	-0.148316	9.90256
10	1.24748e-05	18	-0.134956	3.29241
10	1.24748e-05	19	-0.121596	7.30701
10	1.24748e-05	20	-0.108236	13.1304
10	1.24748e-05	21	-0.0948757	19.8231
10	1.24748e-05	22	-0.0815155	219.906
10	1.24748e-05	23	-0.0681554	1979.34
10	1.24748e-05	24	-0.0547952	16468.7
10	1.24748e-05	25	-0.041435	118788
10	1.24748e-05	26	-0.0280749	421834
10	1.24748e-05	27	-0.0147147	671321
10	1.24748e-05	28	-0.00135454	676707
10	1.24748e-05	29	0.0120056	694000
10	1.24748e-05	30	0.0253658	501252
10	1.24748e-05	31	0.038726	166953
10	1.24748e-05	32	0.0520861	25786.9
10	1.24748e-05	33	0.0654463	2972.61
10	1.24748e-05	34	0.0788065	339.802
10	1.24748e-05	35	0.0921666	36.1101
10	1.24748e-05	36	0.105527	13.224
10	1.24748e-05	37	0.118887	20.5734
10	1.24748e-05	38	0.132247	3.28704
10	1.24748e-05	39	0.145607	3.4092
10	1.24748e-05	40	0.158967	3.2938
10	1.24748e-05	41	0.172328	0
10	1.24748e-05	42	0.185688	0
10	1.24748e-05	43	0.199048	0
10	1.24748e-05	44	0.212408	4.41119
10	1.24748e-05	45	0.225768	0
10	1.24748e-05	46	0.239128	0
10	1.24748e-05	47	0.252489	0
10	1.24748e-05	48	0.265849	0
10	1.24748e-05	49	0.279209	0
11	1.36628e-05	0	-0.375439	0
11	1.36628e-05	1	-0.362079	0
11	1.36628e-05	2	-0.348719	0
11	1.36628e-05	3	-0.335359	0
11	1.36628e-05	4	-0.321999	0
11	1.36628e-05	5	-0.308638	0
11	1.36628e-05	6	-0.295278	0
11	1.36628e-05	7	-0.281918	0
11	1.36628e-05	8	-0.268558	0
11	1.36628e-05	9	-0.255198	0
11	1.36628e-05	10	-0.241838	4.353
11	1.36628e-05	11	-0.228477	0
11	1.36628e-05	12	-0.215117	0
11	1.36628e-05	13	-0.201757	0
11	1.36628e-05	14	-0.188397	0
11	1.36628e-05	15	-0.175037	3.27283
11	1.36628e-05	16	-0.161677	7.00789
11	1.36628e-05	17	-0.148316	0
11	1.36628e-05	18	-0.134956	6.57167
11	1.36628e-05	19	-0.121596	13.9286
11	1.36628e-05	20	-0.108236	22.9572
11	1.36628e-05	21	-0.0948757	19.6561
11	1.36628e-05	22	-0.0815155	374.253
11	1.36628e-05	23	-0.0681554	2364.02
11	1.36628e-05	24	-0.0547952	19539
11	1.36628e-05	25	-0.041435	138419
11	1.36628e-05	26	-0.0280749	419426
11	1.36628e-05	27	-0.0147147	618862
11	1.36628e-05	28	-0.00135454	597205
11	1.36628e-05	29	0.0120056	632637
11	1.36628e-05	30	0.0253658	484789
11	1.36628e-05	31	0.038726	185917
11	1.36628e-05	32	0.0520861	31188.7
11	1.36628e-05	33	0.0654463	3336.97
11	1.36628e-05	34	0.0788065	454.893
11	1.36628e-05	35	0.0921666	58.6244
11	1.36628e-05	36	0.105527	16.3095
11	1.36628e-05	37	0.118887	9.78647
11	1.36628e-05	38	0.132247	10.5784
11	1.36628e-05	39	0.145607	6.62532
11	1.36628e-05	40	0.158967	6.60133
11	1.36628e-05	41	0.172328	7.4358
11	1.36628e-05	42	0.185688	0
11	1.36628e-05	43	0.199048	0
11	1.36628e-05	44	0.212408	0
11	1.36628e-05	45	0.225768	0
11	1.36628e-05	46	0.239128	0
11	1.36628e-05	47	0.252489	0
11	1.36628e-05	48	0.265849	0
11	1.36628e-05	49	0.279209	0
12	1.48509e-05	0	-0.375439	0
12	1.48509e-05	1	-0.362079	0
12	1.48509e-05	2	-0.348719	0
12	1.48509e-05	3	-0.335359	0
12	1.48509e-05	4	-0.321999	0
12	1.48509e-05	5	-0.308638	0
12	1.48509e-05	6	-0.295278	0
12	1.48509e-05	7	-0.281918	0
12	1.48509e-05	8	-0.268558	0
12	1.48509e-05	9	-0.255198	0
12	1.48509e-05	10	-0.241838	0
12	1.48509e-05	11	-0.228477	0
12	1.48509e-05	12	-0.215117	0
12	1.48509e-05	13	-0.201757	0
12	1.48509e-05	14	-0.188397	0
12	1.48509e-05	15	-0.175037	0
12	1.48509e-05	16	-0.161677	9.94542
12	1.48509e-05	17	-0.148316	9.98368
12	1.48509e-05	18	-0.134956	16.5291
12	1.48509e-05	19	-0.121596	9.73556
12	1.48509e-05	20	-0.108236	19.8128
12	1.48509e-05	21	-0.0948757	36.0529
12	1.48509e-05	22	-0.0815155	431.604
12	1.48509e-05	23	-0.0681554	2660.72
12	1.48509e-05	24	-0.0547952	23436.8
12	1.48509e-05	25	-0.041435	152466
12	1.48509e-05	26	-0.0280749	408081
12	1.48509e-05	27	-0.0147147	565225
12	1.48509e-05	28	-0.00135454	542244
12	1.48509e-05	29	0.0120056	574842
12	1.48509e-05	30	0.0253658	452894
12	1.48509e-05	31	0.038726	198722
12	1.48509e-05	32	0.0520861	36927.1
12	1.48509e-05	33	0.0654463	4128.89
12	1.48509e-05	34	0.0788065	591.138
12	1.48509e-05	35	0.0921666	96.1403
12	1.48509e-05	36	0.105527	26.4116
12	1.48509e-05	37	0.118887	6.48319
12	1.48509e-05	38	0.132247	3.29111
12	1.48509e-05	39	0.145607	3.29281
12	1.48509e-05	40	0.158967	3.3183
12	1.48509e-05	41	0.172328	0
12	1.48509e-05	42	0.185688	0
12	1.48509e-05	43	0.199048	0
12	1.48509e-05	44	0.212408	0
12	1.48509e-05	45	0.225768	0
12	1.48509e-05	46	0.239128	0
12	1.48509e-05	47	0.252489	0
12	1.48509e-05	48	0.265849	0
12	1.48509e-05	49	0.279209	8.55183
13	1.6039e-05	0	-0.375439	0
13	1.6039e-05	1	-0.362079	0
13	1.6039e-05	2	-0.348719	0
13	1.6039e-05	3	-0.335359	0
13	1.6039e-05	4	-0.321999	0
13	1.6039e-05	5	-0.308638	0
13	1.6039e-05	6	-0.295278	0
13	1.6039e-05	7	-0.281918	0
13	1.6039e-05	8	-0.268558	0
13	1.6039e-05	9	-0.255198	0
13	1.6039e-05	10	-0.241838	0
13	1.6039e-05	11	-0.228477	0
13	1.6039e-05	12	-0.215117	0
13	1.6039e-05	13	-0.201757	0
13	1.6039e-05	14	-0.188397	0
13	1.6039e-05	15	-0.175037	0
13	1.6039e-05	16	-0.161677	0
13	1.6039e-05	17	-0.148316	3.29281
13	1.6039e-05	18	-0.134956	3.20294
13	1.6039e-05	19	-0.121596	3.3097
13	1.6039e-05	20	-0.108236	19.573
13	1.6039e-05	21	-0.0948757	38.63
13	1.6039e-05	22	-0.0815155	403.375
13	1.6039e-05	23	-0.0681554	2933.62
13	1.6039e-05	24	-0.0547952	27715.8
13	1.6039e-05	25	-0.041435	156571
13	1.6039e-05	26	-0.0280749	372602
13	1.6039e-05	27	-0.0147147	509221
13	1.6039e-05	28	-0.00135454	498948
13	1.6039e-05	29	0.0120056	521837
13	1.6039e-05	30	0.0253658	402955
13	1.6039e-05	31	0.038726	200940
13	1.6039e-05	32	0.0520861	43993.4
13	1.6039e-05	33	0.0654463	4621.12
13	1.6039e-05	34	0.0788065	577.857
13	1.6039e-05	35	0.0921666	87.7758
13	1.6039e-05	36	0.105527	23.025
13	1.6039e-05	37	0.118887	13.2005
13	1.6039e-05	38	0.132247	6.60552
13	1.6039e-05	39	0.145607	3.29423
13	1.6039e-05	40	0.158967	0
13	1.6039e-05	41	0.172328	0
13	1.6039e-05	42	0.185688	4.39851
13	1.6039e-05	43	0.199048	0
13	1.6039e-05	44	0.212408	0
13	1.6039e-05	45	0.225768	0
13	1.6039e-05	46	0.239128	0
13	1.6039e-05	47	0.252489	0
13	1.6039e-05	48	0.265849	0
13	1.6039e-05	49	0.279209	0
14	1.72271e-05	0	-0.375439	0
14	1.72271e-05	1	-0.362079	0
14	1.72271e-05	2	-0.348719	0
14	1.72271e-05	3	-0.335359	0
14	1.72271e-05	4	-0.321999	0
14	1.72271e-05	5	-0.308638	0
14	1.72271e-05	6	-0.295278	0
14	1.72271e-05	7	-0.281918	0
14	1.72271e-05	8	-0.268558	0
14	1.72271e-05	9	-0.255198	0
14	1.72271e-05	10	-0.241838	0
14	1.72271e-05	11	-0.228477	0
14	1.72271e-05	12	-0.215117	0
14	1.72271e-05	13	-0.201757	0
14	1.72271e-05	14	-0.188397	0
14	1.72271e-05	15	-0.175037	3.33097
14	1.72271e-05	16	-0.161677	3.3075
14	1.72271e-05	17	-0.148316	6.51789
14	1.72271e-05	18	-0.134956	13.1298
14	1.72271e-05	19	-0.121596	29.596
14	1.72271e-05	20	-0.108236	19.7418
14	1.72271e-05	21	-0.0948757	74.7554
14	1.72271e-05	22	-0.0815155	466.447
14	1.72271e-05	23	-0.0681554	3239.19
14	1.72271e-05	24	-0.0547952	31069
14	1.72271e-05	25	-0.041435	156589
14	1.72271e-05	26	-0.0280749	327192
14	1.72271e-05	27	-0.0147147	462451
14	1.72271e-05	28	-0.00135454	456965
14	1.72271e-05	29	0.0120056	474757
14	1.72271e-05	30	0.0253658	349930
14	1.72271e-05	31	0.038726	196073
14	1.72271e-05	32	0.0520861	50173.5
14	1.72271e-05	33	0.0654463	5015.35
14	1.72271e-05	34	0.0788065	710.12
14	1.72271e-05	35	0.0921666	129.994
14	1.72271e-05	36	0.105527	32.7556
14	1.72271e-05	37	0.118887	6.58846
14	1.72271e-05	38	0.132247	9.88334
14	1.72271e-05	39	0.145607	6.58846
14	1.72271e-05	40	0.158967	0
14	1.72271e-05	41	0.172328	3.29423
14	1.72271e-05	42	0.185688	0
14	1.72271e-05	43	0.199048	0
14	1.72271e-05	44	0.212408	3.27747
14	1.72271e-05	45	0.225768	0
14	1.72271e-05	46	0.239128	0
14	1.72271e-05	47	0.252489	0
14	1.72271e-05	48	0.265849	0
14	1.72271e-05	49	0.279209	0
15	1.84151e-05	0	-0.375439	0
15	1.84151e-05	1	-0.362079	0
15	1.84151e-05	2	-0.348719	0
15	1.84151e-05	3	-0.335359	0
15	1.84151e-05	4	-0.321999	0
15	1.84151e-05	5	-0.308638	0
15	1.84151e-05	6	-0.295278	0
15	1.84151e-05	7	-0.281918	0
15	1.84151e-05	8	-0.268558	0
15	1.84151e-05	9	-0.255198	0
15	1.84151e-05	10	-0.241838	0
15	1.84151e-05	11	-0.228477	0
15	1.84151e-05	12	-0.215117	0
15	1.84151e-05	13	-0.201757	0
15	1.84151e-05	14	-0.188397	0
15	1.84151e-05	15	-0.175037	0
15	1.84151e-05	16	-0.161677	0
15	1.84151e-05	17	-0.148316	0
15	1.84151e-05	18	-0.134956	6.60428
15	1.84151e-05	19	-0.121596	3.25223
15	1.84151e-05	20	-0.108236	29.1563
15	1.84151e-05	21	-0.0948757	55.3147
15	1.84151e-05	22	-0.0815155	424.437
15	1.84151e-05	23	-0.0681554	3733.53
15	1.84151e-05	24	-0.0547952	32890.4
15	1.84151e-05	25	-0.041435	144931
15	1.84151e-05	26	-0.0280749	281701
15	1.84151e-05	27	-0.0147147	415047
15	1.84151e-05	28	-0.00135454	437423
15	1.84151e-05	29	0.0120056	429252
15	1.84151e-05	30	0.0253658	296806
15	1.84151e-05	31	0.038726	177115
15	1.84151e-05	32	0.0520861	50962.9
15	1.84151e-05	33	0.0654463	6090.11
15	1.84151e-05	34	0.0788065	731.1
15	1.84151e-05	35	0.0921666	137.032
15	1.84151e-05	36	0.105527	35.9083
15	1.84151e-05	37	0.118887	13.0172
15	1.84151e-05	38	0.132247	6.61027
15	1.84151e-05	39	0.145607	6.49996
15	1.84151e-05	40	0.158967	0
15	1.84151e-05	41	0.172328	0
15	1.84151e-05	42	0.185688	0
15	1.84151e-05	43	0.199048	0
15	1.84151e-05	44	0.212408	3.29638
15	1.84151e-05	45	0.225768	0
15	1.84151e-05	46	0.239128	0
15	1.84151e-05	47	0.252489	3.29423
15	1.84151e-05	48	0.265849	0
15	1.84151e-05	49	0.279209	0
16	1.96032e-05	0	-0.375439	0
16	1.96032e-05	1	-0.362079	0
16	1.96032e-05	2	-0.348719	0
16	1.96032e-05	3	-0.335359	0
16	1.96032e-05	4	-0.321999	0
16	1.96032e-05	5	-0.308638	0
16	1.96032e-05	6	-0.295278	0
16	1.96032e-05	7	-0.281918	0
16	1.96032e-05	8	-0.268558	0
16	1.96032e-05	9	-0.255198	0
16	1.96032e-05	10	-0.241838	0
16	1.96032e-05	11	-0.228477	0
16	1.96032e-05	12	-0.215117	0
16	1.96032e-05	13	-0.201757	0
16	1.96032e-05	14	-0.188397	0
16	1.96032e-05	15	-0.175037	0
16	1.96032e-05	16	-0.161677	3.22044
16	1.96032e-05	17	-0.148316	0
16	1.96032e-05	18	-0.134956	9.75132
16	1.96032e-05	19	-0.121596	9.91138
16	1.96032e-05	20	-0.108236	39.324
16	1.96032e-05	21	-0.0948757	69.2706
16	1.96032e-05	22	-0.0815155	477.807
16	1.96032e-05	23	-0.0681554	4034.02
16	1.96032e-05	24	-0.0547952	32739.7
16	1.96032e-05	25	-0.041435	131257
16	1.96032e-05	26	-0.0280749	230660
16	1.96032e-05	27	-0.0147147	367073
16	1.96032e-05	28	-0.00135454	397824
16	1.96032e-05	29	0.0120056	383794
16	1.96032e-05	30	0.0253658	251196
16	1.96032e-05	31	0.038726	150841
16	1.96032e-05	32	0.0520861	46657.2
16	1.96032e-05	33	0.0654463	6070.24
16	1.96032e-05	34	0.0788065	701.973
16	1.96032e-05	35	0.0921666	104.861
16	1.96032e-05	36	0.105527	35.8533
16	1.96032e-05	37	0.118887	13.109
16	1.96032e-05	38	0.132247	6.58718
16	1.96032e-05	39	0.145607	0
16	1.96032e-05	40	0.158967	3.32141
16	1.96032e-05	41	0.172328	0
16	1.96032e-05	42	0.185688	0
16	1.96032e-05	43	0.199048	3.33141
16	1.96032e-05	44	0.212408	0
16	1.96032e-05	45	0.225768	0
16	1.96032e-05	46	0.239128	3.29423
16	1.96032e-05	47	0.252489	0
16	1.96032e-05	48	0.265849	0
16	1.96032e-05	49	0.279209	0
17	2.07913e-05	0	-0.375439	0
17	2.07913e-05	1	-0.362079	4.35479
17	2.07913e-05	2	-0.348719	0
17	2.07913e-05	3	-0.335359	0
17	2.07913e-05	4	-0.321999	0
17	2.07913e-05	5	-0.308638	0
17	2.07913e-05	6	-0.295278	0
17	2.07913e-05	7	-0.281918	0
17	2.07913e-05	8	-0.268558	0
17	2.07913e-05	9	-0.255198	0
17	2.07913e-05	10	-0.241838	0
17	2.07913e-05	11	-0.228477	0
17	2.07913e-05	12	-0.215117	0
17	2.07913e-05	13	-0.201757	0
17	2.07913e-05	14	-0.188397	3.31841
17	2.07913e-05	15	-0.175037	0
17	2.07913e-05	16	-0.161677	0
17	2.07913e-05	17	-0.148316	0
17	2.07913e-05	18	-0.134956	6.62744
17	2.07913e-05	19	-0.121596	13.0498
17	2.07913e-05	20	-0.108236	13.115
17	2.07913e-05	21	-0.0948757	69.1191
17	2.07913e-05	22	-0.0815155	441.496
17	2.07913e-05	23	-0.0681554	4346.19
17	2.07913e-05	24	-0.0547952	30252.7
17	2.07913e-05	25	-0.041435	111479
17	2.07913e-05	26	-0.0280749	187293
17	2.07913e-05	27	-0.0147147	319103
17	2.07913e-05	28	-0.00135454	361002
17	2.07913e-05	29	0.0120056	341784
17	2.07913e-05	30	0.0253658	205135
17	2.07913e-05	31	0.038726	120445
17	2.07913e-05	32	0.0520861	40779.2
17	2.07913e-05	33	0.0654463	5919.81
17	2.07913e-05	34	0.0788065	734.837
17	2.07913e-05	35	0.0921666	121.816
17	2.07913e-05	36	0.105527	32.699
17	2.07913e-05	37	0.118887	12.902
17	2.07913e-05	38	0.132247	3.19368
17	2.07913e-05	39	0.145607	3.29402
17	2.07913e-05	40	0.158967	0
17	2.07913e-05	41	0.172328	3.29402
17	2.07913e-05	42	0.185688	3.28661
17	2.07913e-05	43	0.199048	3.29638
17	2.07913e-05	44	0.212408	3.30863
17	2.07913e-05	45	0.225768	0
17	2.07913e-05	46	0.239128	0
17	2.07913e-05	47	0.252489	0
17	2.07913e-05	48	0.265849	0
17	2.07913e-05	49	0.279209	0
18	2.19793e-05	0	-0.375439	4.19683
18	2.19793e-05	1	-0.362079	0
18	2.19793e-05	2	-0.348719	0
18	2.19793e-05	3	-0.335359	0
18	2.19793e-05	4	-0.321999	0
18	2.19793e-05	5	-0.308638	0
18	2.19793e-05	6	-0.295278	0
18	2.19793e-05	7	-0.281918	0
18	2.19793e-05	8	-0.268558	0
18	2.19793e-05	9	-0.255198	0
18	2.19793e-05	10	-0.241838	0
18	2.19793e-05	11	-0.228477	0
18	2.19793e-05	12	-0.215117	0
18	2.19793e-05	13	-0.201757	0
18	2.19793e-05	14	-0.188397	0
18	2.19793e-05	15	-0.175037	0
18	2.19793e-05	16	-0.161677	0
18	2.19793e-05	17	-0.148316	0
18	2.19793e-05	18	-0.134956	0
18	2.19793e-05	19	-0.121596	0
18	2.19793e-05	20	-0.108236	16.3425
18	2.19793e-05	21	-0.0948757	62.2941
18	2.19793e-05	22	-0.0815155	471.266
18	2.19793e-05	23	-0.0681554	4649.65
18	2.19793e-05	24	-0.0547952	26753.9
18	2.19793e-05	25	-0.041435	84288.7
18	2.19793e-05	26	-0.0280749	150228
18	2.19793e-05	27	-0.0147147	278177
18	2.19793e-05	28	-0.00135454	319991
18	2.19793e-05	29	0.0120056	301021
18	2.19793e-05	30	0.0253658	165323
18	2.19793e-05	31	0.038726	93319.5
18	2.19793e-05	32	0.0520861	36326.7
18	2.19793e-05	33	0.0654463	5810.75
18	2.19793e-05	34	0.0788065	857.181
18	2.19793e-05	35	0.0921666	128.495
18	2.19793e-05	36	0.105527	26.2661
18	2.19793e-05	37	0.118887	6.43463
18	2.19793e-05	38	0.132247	0
18	2.19793e-05	39	0.145607	3.29305
18	2.19793e-05	40	0.158967	3.29423
18	2.19793e-05	41	0.172328	3.23247
18	2.19793e-05	42	0.185688	3.29316
18	2.19793e-05	43	0.199048	6.58739
18	2.19793e-05	44	0.212408	0
18	2.19793e-05	45	0.225768	0
18	2.19793e-05	46	0.239128	0
18	2.19793e-05	47	0.252489	0
18	2.19793e-05	48	0.265849	0
18	2.19793e-05	49	0.279209	0
19	2.31674e-05	0	-0.375439	0
19	2.31674e-05	1	-0.362079	0
19	2.31674e-05	2	-0.348719	0
19	2.31674e-05	3	-0.335359	0
19	2.31674e-05	4	-0.321999	0
19	2.31674e-05	5	-0.308638	0
19	2.31674e-05	6	-0.295278	0
19	2.31674e-05	7	-0.281918	0
19	2.31674e-05	8	-0.268558	0
19	2.31674e-05	9	-0.255198	0
19	2.31674e-05	10	-0.241838	0
19	2.31674e-05	11	-0.228477	0
19	2.31674e-05	12	-0.215117	0
19	2.31674e-05	13	-0.201757	0
19	2.31674e-05	14	-0.188397	0
19	2.31674e-05	15	-0.175037	0
19	2.31674e-05	16	-0.161677	0
19	2.31674e-05	17	-0.148316	0
19	2.31674e-05	18	-0.134956	0
19	2.31674e-05	19	-0.121596	16.2527
19	2.31674e-05	20	-0.108236	3.29406
19	2.31674e-05	21	-0.0948757	42.913
19	2.31674e-05	22	-0.0815155	527.419
19	2.31674e-05	23	-0.0681554	4554.15
19	2.31674e-05	24	-0.0547952	21951.4
19	2.31674e-05	25	-0.041435	60200.4
19	2.31674e-05	26	-0.0280749	114870
19	2.31674e-05	27	-0.0147147	241319
19	2.31674e-05	28	-0.00135454	288091
19	2.31674e-05	29	0.0120056	258556
19	2.31674e-05	30	0.0253658	131838
19	2.31674e-05	31	0.038726	70904.9
19	2.31674e-05	32	0.0520861	30370.3
19	2.31674e-05	33	0.0654463	6073.36
19	2.31674e-05	34	0.0788065	1037.79
19	2.31674e-05	35	0.0921666	118.789
19	2.31674e-05	36	0.105527	23.0758
19	2.31674e-05	37	0.118887	6.58201
19	2.31674e-05	38	0.132247	3.29402
19	2.31674e-05	39	0.145607	3.3154
19	2.31674e-05	40	0.158967	9.87702
19	2.31674e-05	41	0.172328	0
19	2.31674e-05	42	0.185688	0
19	2.31674e-05	43	0.199048	0
19	2.31674e-05	44	0.212408	3.29402
19	2.31674e-05	45	0.225768	0
19	2.31674e-05	46	0.239128	0
19	2.31674e-05	47	0.252489	0
19	2.31674e-05	48	0.265849	0
19	2.31674e-05	49	0.279209	0
20	2.43555e-05	0	-0.375439	0
20	2.43555e-05	1	-0.362079	0
20	2.43555e-05	2	-0.348719	0
20	2.43555e-05	3	-0.335359	0
20	2.43555e-05	4	-0.321999	0
20	2.43555e-05	5	-0.308638	0
20	2.43555e-05	6	-0.295278	0
20	2.43555e-05	7	-0.281918	0
20	2.43555e-05	8	-0.268558	3.27747
20	2.43555e-05	9	-0.255198	0
20	2.43555e-05	10	-0.241838	0
20	2.43555e-05	11	-0.228477	0
20	2.43555e-05	12	-0.215117	0
20	2.43555e-05	13	-0.201757	0
20	2.43555e-05	14	-0.188397	0
20	2.43555e-05	15	-0.175037	0
20	2.43555e-05	16	-0.161677	3.2851
20	2.43555e-05	17	-0.148316	0
20	2.43555e-05	18	-0.134956	0
20	2.43555e-05	19	-0.121596	3.25828
20	2.43555e-05	20	-0.108236	9.90046
20	2.43555e-05	21	-0.0948757	42.7809
20	2.43555e-05	22	-0.0815155	435.149
20	2.43555e-05	23	-0.0681554	4115.93
20	2.43555e-05	24	-0.0547952	17927.1
20	2.43555e-05	25	-0.041435	42725.3
20	2.43555e-05	26	-0.0280749	88261.1
20	2.43555e-05	27	-0.0147147	201366
20	2.43555e-05	28	-0.00135454	252953
20	2.43555e-05	29	0.0120056	219422
20	2.43555e-05	30	0.0253658	107151
20	2.43555e-05	31	0.038726	54648.3
20	2.43555e-05	32	0.0520861	25141
20	2.43555e-05	33	0.0654463	5098.36
20	2.43555e-05	34	0.0788065	942.402
20	2.43555e-05	35	0.0921666	82.3876
20	2.43555e-05	36	0.105527	39.5265
20	2.43555e-05	37	0.118887	9.85099
20	2.43555e-05	38	0.132247	6.61145
20	2.43555e-05	39	0.145607	0
20	2.43555e-05	40	0.158967	3.29402
20	2.43555e-05	41	0.172328	3.30809
20	2.43555e-05	42	0.185688	3.29617
20	2.43555e-05	43	0.199048	0
20	2.43555e-05	44	0.212408	3.29402
20	2.43555e-05	45	0.225768	0
20	2.43555e-05	46	0.239128	0
20	2.43555e-05	47	0.252489	0
20	2.43555e-05	48	0.265849	0
20	2.43555e-05	49	0.279209	0
21	2.55436e-05	0	-0.375439	0
21	2.55436e-05	1	-0.362079	0
21	2.55436e-05	2	-0.348719	0
21	2.55436e-05	3	-0.335359	0
21	2.55436e-05	4	-0.321999	0
21	2.55436e-05	5	-0.308638	0
21	2.55436e-05	6	-0.295278	0
21	2.55436e-05	7	-0.281918	0
21	2.55436e-05	8	-0.268558	0
21	2.55436e-05	9	-0.255198	0
21	2.55436e-05	10	-0.241838	0
21	2.55436e-05	11	-0.228477	0
21	2.55436e-05	12	-0.215117	0
21	2.55436e-05	13	-0.201757	0
21	2.55436e-05	14	-0.188397	0
21	2.55436e-05	15	-0.175037	0
21	2.55436e-05	16	-0.161677	0
21	2.55436e-05	17	-0.148316	0
21	2.55436e-05	18	-0.134956	0
21	2.55436e-05	19	-0.121596	0
21	2.55436e-05	20	-0.108236	23.067
21	2.55436e-05	21	-0.0948757	36.2386
21	2.55436e-05	22	-0.0815155	356.138
21	2.55436e-05	23	-0.0681554	3947.86
21	2.55436e-05	24	-0.0547952	15972.9
21	2.55436e-05	25	-0.041435	31261.3
21	2.55436e-05	26	-0.0280749	65580.2
21	2.55436e-05	27	-0.0147147	166817
21	2.55436e-05	28	-0.00135454	216779
21	2.55436e-05	29	0.0120056	185227
21	2.55436e-05	30	0.0253658	85461.5
21	2.55436e-05	31	0.038726	39374
21	2.55436e-05	32	0.0520861	18792.9
21	2.55436e-05	33	0.0654463	4603.84
21	2.55436e-05	34	0.0788065	724.867
21	2.55436e-05	35	0.0921666	144.961
21	2.55436e-05	36	0.105527	3.29402
21	2.55436e-05	37	0.118887	3.30766
21	2.55436e-05	38	0.132247	6.59147
21	2.55436e-05	39	0.145607	0
21	2.55436e-05	40	0.158967	6.59362
21	2.55436e-05	41	0.172328	3.29617
21	2.55436e-05	42	0.185688	3.29402
21	2.55436e-05	43	0.199048	0
21	2.55436e-05	44	0.212408	0
21	2.55436e-05	45	0.225768	0
21	2.55436e-05	46	0.239128	0
21	2.55436e-05	47	0.252489	0
21	2.55436e-05	48	0.265849	0
21	2.55436e-05	49	0.279209	0
22	2.67316e-05	0	-0.375439	0
22	2.67316e-05	1	-0.362079	0
22	2.67316e-05	2	-0.348719	0
22	2.67316e-05	3	-0.335359	0
22	2.67316e-05	4	-0.321999	0
22	2.67316e-05	5	-0.308638	0
22	2.67316e-05	6	-0.295278	0
22	2.67316e-05	7	-0.281918	0
22	2.67316e-05	8	-0.268558	0
22	2.67316e-05	9	-0.255198	0
22	2.67316e-05	10	-0.241838	0
22	2.67316e-05	11	-0.228477	0
22	2.67316e-05	12	-0.215117	0
22	2.67316e-05	13	-0.201757	0
22	2.67316e-05	14	-0.188397	0
22	2.67316e-05	15	-0.175037	3.32131
22	2.67316e-05	16	-0.161677	0
22	2.67316e-05	17	-0.148316	0
22	2.67316e-05	18	-0.134956	3.26672
22	2.67316e-05	19	-0.121596	3.27896
22	2.67316e-05	20	-0.108236	3.2941
22	2.67316e-05	21	-0.0948757	49.6033
22	2.67316e-05	22	-0.0815155	336.181
22	2.67316e-05	23	-0.0681554	3335.15
22	2.67316e-05	24	-0.0547952	11646.5
22	2.67316e-05	25	-0.041435	24283.2
22	2.67316e-05	26	-0.0280749	48270.5
22	2.67316e-05	27	-0.0147147	134093
22	2.67316e-05	28	-0.00135454	185987
22	2.67316e-05	29	0.0120056	153727
22	2.67316e-05	30	0.0253658	65072.7
22	2.67316e-05	31	0.038726	27615.7
22	2.67316e-05	32	0.0520861	12779.2
22	2.67316e-05	33	0.0654463	3453.83
22	2.67316e-05	34	0.0788065	685.383
22	2.67316e-05	35	0.0921666	105.441
22	2.67316e-05	36	0.105527	9.88313
22	2.67316e-05	37	0.118887	6.58814
22	2.67316e-05	38	0.132247	6.60232
22	2.67316e-05	39	0.145607	3.29423
22	2.67316e-05	40	0.158967	3.30154
22	2.67316e-05	41	0.172328	3.29832
22	2.67316e-05	42	0.185688	3.29402
22	2.67316e-05	43	0.199048	0
22	2.67316e-05	44	0.212408	0
22	2.67316e-05	45	0.225768	0
22	2.67316e-05	46	0.239128	0
22	2.67316e-05	47	0.252489	0
22	2.67316e-05	48	0.265849	0
22	2.67316e-05	49	0.279209	0
23	2.79197e-05	0	-0.375439	0
23	2.79197e-05	1	-0.362079	0
23	2.79197e-05	2	-0.348719	0
23	2.79197e-05	3	-0.335359	0
23	2.79197e-05	4	-0.321999	0
23	2.79197e-05	5	-0.308638	0
23	2.79197e-05	6	-0.295278	0
23	2.79197e-05	7	-0.281918	0
23	2.79197e-05	8	-0.268558	0
23	2.79197e-05	9	-0.255198	0
23	2.79197e-05	10	-0.241838	0
23	2.79197e-05	11	-0.228477	3.33119
23	2.79197e-05	12	-0.215117	0
23	2.79197e-05	13	-0.201757	0
23	2.79197e-05	14	-0.188397	0
23	2.79197e-05	15	-0.175037	0
23	2.79197e-05	16	-0.161677	0
23	2.79197e-05	17	-0.148316	0
23	2.79197e-05	18	-0.134956	0
23	2.79197e-05	19	-0.121596	0
23	2.79197e-05	20	-0.108236	9.86921
23	2.79197e-05	21	-0.0948757	42.8244
23	2.79197e-05	22	-0.0815155	382.331
23	2.79197e-05	23	-0.0681554	2520.76
23	2.79197e-05	24	-0.0547952	7755.4
23	2.79197e-05	25	-0.041435	17362.8
23	2.79197e-05	26	-0.0280749	37294.6
23	2.79197e-05	27	-0.0147147	105968
23	2.79197e-05	28	-0.00135454	157127
23	2.79197e-05	29	0.0120056	124607
23	2.79197e-05	30	0.0253658	49559.3
23	2.79197e-05	31	0.038726	18250.6
23	2.79197e-05	32	0.0520861	8046.15
23	2.79197e-05	33	0.0654463	3147.95
23	2.79197e-05	34	0.0788065	675.511
23	2.79197e-05	35	0.0921666	79.0588
23	2.79197e-05	36	0.105527	19.7441
23	2.79197e-05	37	0.118887	0
23	2.79197e-05	38	0.132247	9.88785
23	2.79197e-05	39	0.145607	3.30476
23	2.79197e-05	40	0.158967	6.59115
23	2.79197e-05	41	0.172328	3.29617
23	2.79197e-05	42	0.185688	0
23	2.79197e-05	43	0.199048	0
23	2.79197e-05	44	0.212408	0
23	2.79197e-05	45	0.225768	0
23	2.79197e-05	46	0.239128	0
23	2.79197e-05	47	0.252489	0
23	2.79197e-05	48	0.265849	0
23	2.79197e-05	49	0.279209	0
24	2.91078e-05	0	-0.375439	0
24	2.91078e-05	1	-0.362079	0
24	2.91078e-05	2	-0.348719	0
24	2.91078e-05	3	-0.335359	0
24	2.91078e-05	4	-0.321999	0
24	2.91078e-05	5	-0.308638	0
24	2.91078e-05	6	-0.295278	0
24	2.91078e-05	7	-0.281918	0
24	2.91078e-05	8	-0.268558	0
24	2.91078e-05	9	-0.255198	3.30863
24	2.91078e-05	10	-0.241838	0
24	2.91078e-05	11	-0.228477	0
24	2.91078e-05	12	-0.215117	0
24	2.91078e-05	13	-0.201757	0
24	2.91078e-05	14	-0.188397	0
24	2.91078e-05	15	-0.175037	0
24	2.91078e-05	16	-0.161677	0
24	2.91078e-05	17	-0.148316	0
24	2.91078e-05	18	-0.134956	0
24	2.91078e-05	19	-0.121596	0
24	2.91078e-05	20	-0.108236	0
24	2.91078e-05	21	-0.0948757	49.439
24	2.91078e-05	22	-0.0815155	332.951
24	2.91078e-05	23	-0.0681554	1591.71
24	2.91078e-05	24	-0.0547952	5412.31
24	2.91078e-05	25	-0.041435	11372.1
24	2.91078e-05	26	-0.0280749	28536.9
24	2.91078e-05	27	-0.0147147	81553
24	2.91078e-05	28	-0.00135454	124904
24	2.91078e-05	29	0.0120056	97796.8
24	2.91078e-05	30	0.0253658	37672.9
24	2.91078e-05	31	0.038726	11820.7
24	2.91078e-05	32	0.0520861	5030.69
24	2.91078e-05	33	0.0654463	2584.02
24	2.91078e-05	34	0.0788065	797.72
24	2.91078e-05	35	0.0921666	118.669
24	2.91078e-05	36	0.105527	16.4613
24	2.91078e-05	37	0.118887	13.1942
24	2.91078e-05	38	0.132247	3.29617
24	2.91078e-05	39	0.145607	6.56579
24	2.91078e-05	40	0.158967	3.29423
24	2.91078e-05	41	0.172328	0
24	2.91078e-05	42	0.185688	0
24	2.91078e-05	43	0.199048	0
24	2.91078e-05	44	0.212408	0
24	2.91078e-05	45	0.225768	0
24	2.91078e-05	46	0.239128	0
24	2.91078e-05	47	0.252489	0
24	2.91078e-05	48	0.265849	0
24	2.91078e-05	49	0.279209	0
25	3.02959e-05	0	-0.375439	0
25	3.02959e-05	1	-0.362079	0
25	3.02959e-05	2	-0.348719	0
25	3.02959e-05	3	-0.335359	0
25	3.02959e-05	4	-0.321999	0
25	3.02959e-05	5	-0.308638	0
25	3.02959e-05	6	-0.295278	0
25	3.02959e-05	7	-0.281918	0
25	3.02959e-05	8	-0.268558	0
25	3.02959e-05	9	-0.255198	0
25	3.02959e-05	10	-0.241838	0
25	3.02959e-05	11	-0.228477	3.29359
25	3.02959e-05	12	-0.215117	0
25	3.02959e-05	13	-0.201757	0
25	3.02959e-05	14	-0.188397	0
25	3.02959e-05	15	-0.175037	0
25	3.02959e-05	16	-0.161677	3.29348
25	3.02959e-05	17	-0.148316	0
25	3.02959e-05	18	-0.134956	3.3154
25	3.02959e-05	19	-0.121596	0
25	3.02959e-05	20	-0.108236	3.29305
25	3.02959e-05	21	-0.0948757	59.3094
25	3.02959e-05	22	-0.0815155	184.663
25	3.02959e-05	23	-0.0681554	665.972
25	3.02959e-05	24	-0.0547952	3048.76
25	3.02959e-05	25	-0.041435	7666.61
25	3.02959e-05	26	-0.0280749	21600.8
25	3.02959e-05	27	-0.0147147	63526
25	3.02959e-05	28	-0.00135454	98696.3
25	3.02959e-05	29	0.0120056	75073.4
25	3.02959e-05	30	0.0253658	27883.7
25	3.02959e-05	31	0.038726	7904.94
25	3.02959e-05	32	0.0520861	3317.4
25	3.02959e-05	33	0.0654463	1954.12
25	3.02959e-05	34	0.0788065	586.648
25	3.02959e-05	35	0.0921666	69.2683
25	3.02959e-05	36	0.105527	16.4742
25	3.02959e-05	37	0.118887	13.2037
25	3.02959e-05	38	0.132247	6.57588
25	3.02959e-05	39	0.145607	3.29402
25	3.02959e-05	40	0.158967	6.59061
25	3.02959e-05	41	0.172328	0
25	3.02959e-05	42	0.185688	0
25	3.02959e-05	43	0.199048	0
25	3.02959e-05	44	0.212408	0
25	3.02959e-05	45	0.225768	0
25	3.02959e-05	46	0.239128	0
25	3.02959e-05	47	0.252489	0
25	3.02959e-05	48	0.265849	0
25	3.02959e-05	49	0.279209	0
26	3.14839e-05	0	-0.375439	0
26	3.14839e-05	1	-0.362079	0
26	3.14839e-05	2	-0.348719	0
26	3.14839e-05	3	-0.335359	0
26	3.14839e-05	4	-0.321999	0
26	3.14839e-05	5	-0.308638	0
26	3.14839e-05	6	-0.295278	0
26	3.14839e-05	7	-0.281918	0
26	3.14839e-05	8	-0.268558	0
26	3.14839e-05	9	-0.255198	0
26	3.14839e-05	10	-0.241838	0
26	3.14839e-05	11	-0.228477	0
26	3.14839e-05	12	-0.215117	0
26	3.14839e-05	13	-0.201757	0
26	3.14839e-05	14	-0.188397	0
26	3.14839e-05	15	-0.175037	0
26	3.14839e-05	16	-0.161677	0
26	3.14839e-05	17	-0.148316	0
26	3.14839e-05	18	-0.134956	0
26	3.14839e-05	19	-0.121596	0
26	3.14839e-05	20	-0.108236	9.87267
26	3.14839e-05	21	-0.0948757	49.4322
26	3.14839e-05	22	-0.0815155	135.248
26	3.14839e-05	23	-0.0681554	537.581
26	3.14839e-05	24	-0.0547952	2024.06
26	3.14839e-05	25	-0.041435	4781.52
26	3.14839e-05	26	-0.0280749	15274.6
26	3.14839e-05	27	-0.0147147	49380.1
26	3.14839e-05	28	-0.00135454	76594.9
26	3.14839e-05	29	0.0120056	58690.7
26	3.14839e-05	30	0.0253658	19606.9
26	3.14839e-05	31	0.038726	5688.28
26	3.14839e-05	32	0.0520861	2195.8
26	3.14839e-05	33	0.0654463	1173.16
26	3.14839e-05	34	0.0788065	329.509
26	3.14839e-05	35	0.0921666	42.8402
26	3.14839e-05	36	0.105527	19.7784
26	3.14839e-05	37	0.118887	3.29402
26	3.14839e-05	38	0.132247	9.89451
26	3.14839e-05	39	0.145607	6.59481
26	3.14839e-05	40	0.158967	0
26	3.14839e-05	41	0.172328	0
26	3.14839e-05	42	0.185688	0
26	3.14839e-05	43	0.199048	0
26	3.14839e-05	44	0.212408	0
26	3.14839e-05	45	0.225768	0
26	3.14839e-05	46	0.239128	0
26	3.14839e-05	47	0.252489	0
26	3.14839e-05	48	0.265849	0
26	3.14839e-05	49	0.279209	0
27	3.2672e-05	0	-0.375439	0
27	3.2672e-05	1	-0.362079	0
27	3.2672e-05	2	-0.348719	0
27	3.2672e-05	3	-0.335359	0
27	3.2672e-05	4	-0.321999	0
27	3.2672e-05	5	-0.308638	0
27	3.2672e-05	6	-0.295278	0
27	3.2672e-05	7	-0.281918	0
27	3.2672e-05	8	-0.268558	0
27	3.2672e-05	9	-0.255198	0
27	3.2672e-05	10	-0.241838	0
27	3.2672e-05	11	-0.228477	0
27	3.2672e-05	12	-0.215117	0
27	3.2672e-05	13	-0.201757	0
27	3.2672e-05	14	-0.188397	0
27	3.2672e-05	15	-0.175037	3.31766
27	3.2672e-05	16	-0.161677	0
27	3.2672e-05	17	-0.148316	0
27	3.2672e-05	18	-0.134956	0
27	3.2672e-05	19	-0.121596	0
27	3.2672e-05	20	-0.108236	0
27	3.2672e-05	21	-0.0948757	56.0083
27	3.2672e-05	22	-0.0815155	138.412
27	3.2672e-05	23	-0.0681554	754.722
27	3.2672e-05	24	-0.0547952	1325.65
27	3.2672e-05	25	-0.041435	3462.7
27	3.2672e-05	26	-0.0280749	11005.9
27	3.2672e-05	27	-0.0147147	37547.6
27	3.2672e-05	28	-0.00135454	61314.1
27	3.2672e-05	29	0.0120056	44294.9
27	3.2672e-05	30	0.0253658	14372.8
27	3.2672e-05	31	0.038726	4226.13
27	3.2672e-05	32	0.0520861	1582.96
27	3.2672e-05	33	0.0654463	978.855
27	3.2672e-05	34	0.0788065	510.706
27	3.2672e-05	35	0.0921666	75.7755
27	3.2672e-05	36	0.105527	16.4781
27	3.2672e-05	37	0.118887	6.58825
27	3.2672e-05	38	0.132247	3.29617
27	3.2672e-05	39	0.145607	0
27	3.2672e-05	40	0.158967	0
27	3.2672e-05	41	0.172328	0
27	3.2672e-05	42	0.185688	0
27	3.2672e-05	43	0.199048	0
27	3.2672e-05	44	0.212408	0
27	3.2672e-05	45	0.225768	0
27	3.2672e-05	46	0.239128	0
27	3.2672e-05	47	0.252489	0
27	3.2672e-05	48	0.265849	0
27	3.2672e-05	49	0.279209	0
28	3.38601e-05	0	-0.375439	0
28	3.38601e-05	1	-0.362079	0
28	3.38601e-05	2	-0.348719	0
28	3.38601e-05	3	-0.335359	0
28	3.38601e-05	4	-0.321999	0
28	3.38601e-05	5	-0.308638	0
28	3.38601e-05	6	-0.295278	0
28	3.38601e-05	7	-0.281918	0
28	3.38601e-05	8	-0.268558	0
28	3.38601e-05	9	-0.255198	0
28	3.38601e-05	10	-0.241838	0
28	3.38601e-05	11	-0.228477	0
28	3.38601e-05	12	-0.215117	0
28	3.38601e-05	13	-0.201757	0
28	3.38601e-05	14	-0.188397	3.30809
28	3.38601e-05	15	-0.175037	3.29938
28	3.38601e-05	16	-0.161677	0
28	3.38601e-05	17	-0.148316	0
28	3.38601e-05	18	-0.134956	3.29735
28	3.38601e-05	19	-0.121596	0
28	3.38601e-05	20	-0.108236	6.60286
28	3.38601e-05	21	-0.0948757	65.8962
28	3.38601e-05	22	-0.0815155	194.48
28	3.38601e-05	23	-0.0681554	649.333
28	3.38601e-05	24	-0.0547952	1190.3
28	3.38601e-05	25	-0.041435	2351.78
28	3.38601e-05	26	-0.0280749	8597.82
28	3.38601e-05	27	-0.0147147	27093.3
28	3.38601e-05	28	-0.00135454	45815.7
28	3.38601e-05	29	0.0120056	31888.4
28	3.38601e-05	30	0.0253658	11499.1
28	3.38601e-05	31	0.038726	2831.27
28	3.38601e-05	32	0.0520861	1223.27
28	3.38601e-05	33	0.0654463	682.791
28	3.38601e-05	34	0.0788065	221.018
28	3.38601e-05	35	0.0921666	121.957
28	3.38601e-05	36	0.105527	16.4732
28	3.38601e-05	37	0.118887	9.89043
28	3.38601e-05	38	0.132247	0
28	3.38601e-05	39	0.145607	0
28	3.38601e-05	40	0.158967	0
28	3.38601e-05	41	0.172328	0
28	3.38601e-05	42	0.185688	0
28	3.38601e-05	43	0.199048	0
28	3.38601e-05	44	0.212408	0
28	3.38601e-05	45	0.225768	0
28	3.38601e-05	46	0.239128	0
28	3.38601e-05	47	0.252489	0
28	3.38601e-05	48	0.265849	0
28	3.38601e-05	49	0.279209	0
29	3.50481e-05	0	-0.375439	0
29	3.50481e-05	1	-0.362079	0
29	3.50481e-05	2	-0.348719	0
29	3.50481e-05	3	-0.335359	0
29	3.50481e-05	4	-0.321999	0
29	3.50481e-05	5	-0.308638	0
29	3.50481e-05	6	-0.295278	0
29	3.50481e-05	7	-0.281918	0
29	3.50481e-05	8	-0.268558	0
29	3.50481e-05	9	-0.255198	0
29	3.50481e-05	10	-0.241838	0
29	3.50481e-05	11	-0.228477	0
29	3.50481e-05	12	-0.215117	0
29	3.50481e-05	13	-0.201757	0
29	3.50481e-05	14	-0.188397	0
29	3.50481e-05	15	-0.175037	0
29	3.50481e-05	16	-0.161677	0
29	3.50481e-05	17	-0.148316	0
29	3.50481e-05	18	-0.134956	0
29	3.50481e-05	19	-0.121596	0
29	3.50481e-05	20	-0.108236	0
29	3.50481e-05	21	-0.0948757	59.3074
29	3.50481e-05	22	-0.0815155	174.642
29	3.50481e-05	23	-0.0681554	270.415
29	3.50481e-05	24	-0.0547952	679.71
29	3.50481e-05	25	-0.041435	1616.62
29	3.50481e-05	26	-0.0280749	6562.51
29	3.50481e-05	27	-0.0147147	20363.8
29	3.50481e-05	28	-0.00135454	33952.3
29	3.50481e-05	29	0.0120056	24060
29	3.50481e-05	30	0.0253658	8485.09
29	3.50481e-05	31	0.038726	2029.08
29	3.50481e-05	32	0.0520861	801.275
29	3.50481e-05	33	0.0654463	346.319
29	3.50481e-05	34	0.0788065	79.2125
29	3.50481e-05	35	0.0921666	72.5093
29	3.50481e-05	36	0.105527	6.5962
29	3.50481e-05	37	0.118887	0
29	3.50481e-05	38	0.132247	0
29	3.50481e-05	39	0.145607	0
29	3.50481e-05	40	0.158967	0
29	3.50481e-05	41	0.172328	0
29	3.50481e-05	42	0.185688	0
29	3.50481e-05	43	0.199048	0
29	3.50481e-05	44	0.212408	0
29	3.50481e-05	45	0.225768	0
29	3.50481e-05	46	0.239128	0
29	3.50481e-05	47	0.252489	0
29	3.50481e-05	48	0.265849	0
29	3.50481e-05	49	0.279209	0
30	3.62362e-05	0	-0.375439	0
30	3.62362e-05	1	-0.362079	0
30	3.62362e-05	2	-0.348719	0
30	3.62362e-05	3	-0.335359	0
30	3.62362e-05	4	-0.321999	0
30	3.62362e-05	5	-0.308638	0
30	3.62362e-05	6	-0.295278	0
30	3.62362e-05	7	-0.281918	0
30	3.62362e-05	8	-0.268558	0
30	3.62362e-05	9	-0.255198	0
30	3.62362e-05	10	-0.241838	0
30	3.62362e-05	11	-0.228477	0
30	3.62362e-05	12	-0.215117	0
30	3.62362e-05	13	-0.201757	0
30	3.62362e-05	14	-0.188397	0
30	3.62362e-05	15	-0.175037	0
30	3.62362e-05	16	-0.161677	0
30	3.62362e-05	17	-0.148316	0
30	3.62362e-05	18	-0.134956	0
30	3.62362e-05	19	-0.121596	3.30831
30	3.62362e-05	20	-0.108236	0
30	3.62362e-05	21	-0.0948757	56.0143
30	3.62362e-05	22	-0.0815155	227.354
30	3.62362e-05	23	-0.0681554	247.179
30	3.62362e-05	24	-0.0547952	468.323
30	3.62362e-05	25	-0.041435	1006.07
30	3.62362e-05	26	-0.0280749	4860.41
30	3.62362e-05	27	-0.0147147	15774.6
30	3.62362e-05	28	-0.00135454	25021.3
30	3.62362e-05	29	0.0120056	17949.3
30	3.62362e-05	30	0.0253658	6199.58
30	3.62362e-05	31	0.038726	1557.85
30	3.62362e-05	32	0.0520861	501.387
30	3.62362e-05	33	0.0654463	181.352
30	3.62362e-05	34	0.0788065	49.4431
30	3.62362e-05	35	0.0921666	36.2374
30	3.62362e-05	36	0.105527	0
30	3.62362e-05	37	0.118887	0
30	3.62362e-05	38	0.132247	0
30	3.62362e-05	39	0.145607	0
30	3.62362e-05	40	0.158967	0
30	3.62362e-05	41	0.172328	0
30	3.62362e-05	42	0.185688	0
30	3.62362e-05	43	0.199048	0
30	3.62362e-05	44	0.212408	0
30	3.62362e-05	45	0.225768	0
30	3.62362e-05	46	0.239128	0
30	3.62362e-05	47	0.252489	0
30	3.62362e-05	48	0.265849	0
30	3.62362e-05	49	0.279209	0
31	3.74243e-05	0	-0.375439	0
31	3.74243e-05	1	-0.362079	0
31	3.74243e-05	2	-0.348719	0
31	3.74243e-05	3	-0.335359	0
31	3.74243e-05	4	-0.321999	0
31	3.74243e-05	5	-0.308638	0
31	3.74243e-05	6	-0.295278	0
31	3.74243e-05	7	-0.281918	0
31	3.74243e-05	8	-0.268558	0
31	3.74243e-05	9	-0.255198	0
31	3.74243e-05	10	-0.241838	0
31	3.74243e-05	11	-0.228477	0
31	3.74243e-05	12	-0.215117	0
31	3.74243e-05	13	-0.201757	0
31	3.74243e-05	14	-0.188397	0
31	3.74243e-05	15	-0.175037	0
31	3.74243e-05	16	-0.161677	0
31	3.74243e-05	17	-0.148316	0
31	3.74243e-05	18	-0.134956	6.60393
31	3.74243e-05	19	-0.121596	0
31	3.74243e-05	20	-0.108236	3.2981
31	3.74243e-05	21	-0.0948757	9.88968
31	3.74243e-05	22	-0.0815155	158.169
31	3.74243e-05	23	-0.0681554	382.511
31	3.74243e-05	24	-0.0547952	333.1
31	3.74243e-05	25	-0.041435	877.41
31	3.74243e-05	26	-0.0280749	3152.55
31	3.74243e-05	27	-0.0147147	11888.4
31	3.74243e-05	28	-0.00135454	19356.6
31	3.74243e-05	29	0.0120056	13561.7
31	3.74243e-05	30	0.0253658	4260.45
31	3.74243e-05	31	0.038726	1207.61
31	3.74243e-05	32	0.0520861	323.526
31	3.74243e-05	33	0.0654463	108.79
31	3.74243e-05	34	0.0788065	32.9561
31	3.74243e-05	35	0.0921666	32.9497
31	3.74243e-05	36	0.105527	0
31	3.74243e-05	37	0.118887	0
31	3.74243e-05	38	0.132247	0
31	3.74243e-05	39	0.145607	0
31	3.74243e-05	40	0.158967	0
31	3.74243e-05	41	0.172328	0
31	3.74243e-05	42	0.185688	0
31	3.74243e-05	43	0.199048	0
31	3.74243e-05	44	0.212408	0
31	3.74243e-05	45	0.225768	0
31	3.74243e-05	46	0.239128	0
31	3.74243e-05	47	0.252489	0
31	3.74243e-05	48	0.265849	0
31	3.74243e-05	49	0.279209	0
32	3.86124e-05	0	-0.375439	0
32	3.86124e-05	1	-0.362079	0
32	3.86124e-05	2	-0.348719	0
32	3.86124e-05	3	-0.335359	0
32	3.86124e-05	4	-0.321999	0
32	3.86124e-05	5	-0.308638	0
32	3.86124e-05	6	-0.295278	0
32	3.86124e-05	7	-0.281918	0
32	3.86124e-05	8	-0.268558	0
32	3.86124e-05	9	-0.255198	0
32	3.86124e-05	10	-0.241838	0
32	3.86124e-05	11	-0.228477	0
32	3.86124e-05	12	-0.215117	0
32	3.86124e-05	13	-0.201757	0
32	3.86124e-05	14	-0.188397	0
32	3.86124e-05	15	-0.175037	0
32	3.86124e-05	16	-0.161677	0
32	3.86124e-05	17	-0.148316	0
32	3.86124e-05	18	-0.134956	0
32	3.86124e-05	19	-0.121596	0
32	3.86124e-05	20	-0.108236	0
32	3.86124e-05	21	-0.0948757	3.30036
32	3.86124e-05	22	-0.0815155	69.1909
32	3.86124e-05	23	-0.0681554	217.507
32	3.86124e-05	24	-0.0547952	277.04
32	3.86124e-05	25	-0.041435	735.608
32	3.86124e-05	26	-0.0280749	2482.87
32	3.86124e-05	27	-0.0147147	8255.87
32	3.86124e-05	28	-0.00135454	14051.8
32	3.86124e-05	29	0.0120056	9906.86
32	3.86124e-05	30	0.0253658	3211.6
32	3.86124e-05	31	0.038726	976.688
32	3.86124e-05	32	0.0520861	211.287
32	3.86124e-05	33	0.0654463	92.659
32	3.86124e-05	34	0.0788065	29.6541
32	3.86124e-05	35	0.0921666	36.2409
32	3.86124e-05	36	0.105527	0
32	3.86124e-05	37	0.118887	0
32	3.86124e-05	38	0.132247	0
32	3.86124e-05	39	0.145607	0
32	3.86124e-05	40	0.158967	0
32	3.86124e-05	41	0.172328	0
32	3.86124e-05	42	0.185688	0
32	3.86124e-05	43	0.199048	0
32	3.86124e-05	44	0.212408	0
32	3.86124e-05	45	0.225768	0
32	3.86124e-05	46	0.239128	0
32	3.86124e-05	47	0.252489	0
32	3.86124e-05	48	0.265849	0
32	3.86124e-05	49	0.279209	0
33	3.98004e-05	0	-0.375439	0
33	3.98004e-05	1	-0.362079	0
33	3.98004e-05	2	-0.348719	0
33	3.98004e-05	3	-0.335359	0
33	3.98004e-05	4	-0.321999	0
33	3.98004e-05	5	-0.308638	0
33	3.98004e-05	6	-0.295278	0
33	3.98004e-05	7	-0.281918	0
33	3.98004e-05	8	-0.268558	0
33	3.98004e-05	9	-0.255198	0
33	3.98004e-05	10	-0.241838	0
33	3.98004e-05	11	-0.228477	0
33	3.98004e-05	12	-0.215117	0
33	3.98004e-05	13	-0.201757	0
33	3.98004e-05	14	-0.188397	0
33	3.98004e-05	15	-0.175037	0
33	3.98004e-05	16	-0.161677	0
33	3.98004e-05	17	-0.148316	0
33	3.98004e-05	18	-0.134956	0
33	3.98004e-05	19	-0.121596	0
33	3.98004e-05	20	-0.108236	0
33	3.98004e-05	21	-0.0948757	3.29788
33	3.98004e-05	22	-0.0815155	9.8856
33	3.98004e-05	23	-0.0681554	125.221
33	3.98004e-05	24	-0.0547952	158.419
33	3.98004e-05	25	-0.041435	468.462
33	3.98004e-05	26	-0.0280749	1615.71
33	3.98004e-05	27	-0.0147147	5882.89
33	3.98004e-05	28	-0.00135454	9839.91
33	3.98004e-05	29	0.0120056	7187.8
33	3.98004e-05	30	0.0253658	2469.83
33	3.98004e-05	31	0.038726	679.951
33	3.98004e-05	32	0.0520861	178.137
33	3.98004e-05	33	0.0654463	46.3483
33	3.98004e-05	34	0.0788065	59.3022
33	3.98004e-05	35	0.0921666	46.1193
33	3.98004e-05	36	0.105527	0
33	3.98004e-05	37	0.118887	0
33	3.98004e-05	38	0.132247	0
33	3.98004e-05	39	0.145607	0
33	3.98004e-05	40	0.158967	0
33	3.98004e-05	41	0.172328	0
33	3.98004e-05	42	0.185688	0
33	3.98004e-05	43	0.199048	0
33	3.98004e-05	44	0.212408	0
33	3.98004e-05	45	0.225768	0
33	3.98004e-05	46	0.239128	0
33	3.98004e-05	47	0.252489	0
33	3.98004e-05	48	0.265849	0
33	3.98004e-05	49	0.279209	0
34	4.09885e-05	0	-0.375439	0
34	4.09885e-05	1	-0.362079	0
34	4.09885e-05	2	-0.348719	0
34	4.09885e-05	3	-0.335359	0
34	4.09885e-05	4	-0.321999	0
34	4.09885e-05	5	-0.308638	0
34	4.09885e-05	6	-0.295278	0
34	4.09885e-05	7	-0.281918	0
34	4.09885e-05	8	-0.268558	0
34	4.09885e-05	9	-0.255198	0
34	4.09885e-05	10	-0.241838	0
34	4.09885e-05	11	-0.228477	0
34	4.09885e-05	12	-0.215117	0
34	4.09885e-05	13	-0.201757	0
34	4.09885e-05	14	-0.188397	0
34	4.09885e-05	15	-0.175037	0
34	4.09885e-05	16	-0.161677	0
34	4.09885e-05	17	-0.148316	0
34	4.09885e-05	18	-0.134956	0
34	4.09885e-05	19	-0.121596	0
34	4.09885e-05	20	-0.108236	0
34	4.09885e-05	21	-0.0948757	0
34	4.09885e-05	22	-0.0815155	0
34	4.09885e-05	23	-0.0681554	98.8874
34	4.09885e-05	24	-0.0547952	148.543
34	4.09885e-05	25	-0.041435	359.573
34	4.09885e-05	26	-0.0280749	1348.58
34	4.09885e-05	27	-0.0147147	4360.07
34	4.09885e-05	28	-0.00135454	6956.16
34	4.09885e-05	29	0.0120056	5091.84
34	4.09885e-05	30	0.0253658	1773.73
34	4.09885e-05	31	0.038726	504.867
34	4.09885e-05	32	0.0520861	85.9555
34	4.09885e-05	33	0.0654463	49.5207
34	4.09885e-05	34	0.0788065	105.432
34	4.09885e-05	35	0.0921666	85.6625
34	4.09885e-05	36	0.105527	0
34	4.09885e-05	37	0.118887	0
34	4.09885e-05	38	0.132247	0
34	4.09885e-05	39	0.145607	0
34	4.09885e-05	40	0.158967	0
34	4.09885e-05	41	0.172328	0
34	4.09885e-05	42	0.185688	0
34	4.09885e-05	43	0.199048	0
34	4.09885e-05	44	0.212408	0
34	4.09885e-05	45	0.225768	0
34	4.09885e-05	46	0.239128	0
34	4.09885e-05	47	0.252489	0
34	4.09885e-05	48	0.265849	0
34	4.09885e-05	49	0.279209	0
35	4.21766e-05	0	-0.375439	0
35	4.21766e-05	1	-0.362079	0
35	4.21766e-05	2	-0.348719	0
35	4.21766e-05	3	-0.335359	0
35	4.21766e-05	4	-0.321999	0
35	4.21766e-05	5	-0.308638	0
35	4.21766e-05	6	-0.295278	0
35	4.21766e-05	7	-0.281918	0
35	4.21766e-05	8	-0.268558	0
35	4.21766e-05	9	-0.255198	0
35	4.21766e-05	10	-0.241838	0
35	4.21766e-05	11	-0.228477	0
35	4.21766e-05	12	-0.215117	0
35	4.21766e-05	13	-0.201757	0
35	4.21766e-05	14	-0.188397	0
35	4.21766e-05	15	-0.175037	0
35	4.21766e-05	16	-0.161677	0
35	4.21766e-05	17	-0.148316	0
35	4.21766e-05	18	-0.134956	0
35	4.21766e-05	19	-0.121596	0
35	4.21766e-05	20	-0.108236	0
35	4.21766e-05	21	-0.0948757	0
35	4.21766e-05	22	-0.0815155	0
35	4.21766e-05	23	-0.0681554	19.7744
35	4.21766e-05	24	-0.0547952	125.429
35	4.21766e-05	25	-0.041435	263.75
35	4.21766e-05	26	-0.0280749	949.734
35	4.21766e-05	27	-0.0147147	3097.76
35	4.21766e-05	28	-0.00135454	5008.72
35	4.21766e-05	29	0.0120056	3724.07
35	4.21766e-05	30	0.0253658	1342.01
35	4.21766e-05	31	0.038726	418.956
35	4.21766e-05	32	0.0520861	82.7006
35	4.21766e-05	33	0.0654463	52.8257
35	4.21766e-05	34	0.0788065	85.6616
35	4.21766e-05	35	0.0921666	9.88227
35	4.21766e-05	36	0.105527	0
35	4.21766e-05	37	0.118887	0
35	4.21766e-05	38	0.132247	0
35	4.21766e-05	39	0.145607	0
35	4.21766e-05	40	0.158967	0
35	4.21766e-05	41	0.172328	0
35	4.21766e-05	42	0.185688	0
35	4.21766e-05	43	0.199048	0
35	4.21766e-05	44	0.212408	0
35	4.21766e-05	45	0.225768	0
35	4.21766e-05	46	0.239128	0
35	4.21766e-05	47	0.252489	0
35	4.21766e-05	48	0.265849	0
35	4.21766e-05	49	0.279209	0
36	4.33647e-05	0	-0.375439	0
36	4.33647e-05	1	-0.362079	0
36	4.33647e-05	2	-0.348719	0
36	4.33647e-05	3	-0.335359	0
36	4.33647e-05	4	-0.321999	0
36	4.33647e-05	5	-0.308638	0
36	4.33647e-05	6	-0.295278	0
36	4.33647e-05	7	-0.281918	0
36	4.33647e-05	8	-0.268558	0
36	4.33647e-05	9	-0.255198	0
36	4.33647e-05	10	-0.241838	0
36	4.33647e-05	11	-0.228477	0
36	4.33647e-05	12	-0.215117	0
36	4.33647e-05	13	-0.201757	0
36	4.33647e-05	14	-0.188397	0
36	4.33647e-05	15	-0.175037	0
36	4.33647e-05	16	-0.161677	0
36	4.33647e-05	17	-0.148316	0
36	4.33647e-05	18	-0.134956	0
36	4.33647e-05	19	-0.121596	0
36	4.33647e-05	20	-0.108236	0
36	4.33647e-05	21	-0.0948757	0
36	4.33647e-05	22	-0.0815155	0
36	4.33647e-05	23	-0.0681554	0
36	4.33647e-05	24	-0.0547952	82.383
36	4.33647e-05	25	-0.041435	234.288
36	4.33647e-05	26	-0.0280749	761.632
36	4.33647e-05	27	-0.0147147	2082.79
36	4.33647e-05	28	-0.00135454	3641.06
36	4.33647e-05	29	0.0120056	2610.02
36	4.33647e-05	30	0.0253658	1153.84
36	4.33647e-05	31	0.038726	326.598
36	4.33647e-05	32	0.0520861	49.456
36	4.33647e-05	33	0.0654463	52.7939
36	4.33647e-05	34	0.0788065	26.3569
36	4.33647e-05	35	0.0921666	0
36	4.33647e-05	36	0.105527	0
36	4.33647e-05	37	0.118887	0
36	4.33647e-05	38	0.132247	0
36	4.33647e-05	39	0.145607	0
36	4.33647e-05	40	0.158967	0
36	4.33647e-05	41	0.172328	0
36	4.33647e-05	42	0.185688	0
36	4.33647e-05	43	0.199048	0
36	4.33647e-05	44	0.212408	0
36	4.33647e-05	45	0.225768	0
36	4.33647e-05	46	0.239128	0
36	4.33647e-05	47	0.252489	0
36	4.33647e-05	48	0.265849	0
36	4.33647e-05	49	0.279209	0
37	4.45527e-05	0	-0.375439	0
37	4.45527e-05	1	-0.362079	0
37	4.45527e-05	2	-0.348719	0
37	4.45527e-05	3	-0.335359	0
37	4.45527e-05	4	-0.321999	0
37	4.45527e-05	5	-0.308638	0
37	4.45527e-05	6	-0.295278	0
37	4.45527e-05	7	-0.281918	0
37	4.45527e-05	8	-0.268558	0
37	4.45527e-05	9	-0.255198	0
37	4.45527e-05	10	-0.241838	0
37	4.45527e-05	11	-0.228477	0
37	4.45527e-05	12	-0.215117	0
37	4.45527e-05	13	-0.201757	0
37	4.45527e-05	14	-0.188397	0
37	4.45527e-05	15	-0.175037	0
37	4.45527e-05	16	-0.161677	0
37	4.45527e-05	17	-0.148316	0
37	4.45527e-05	18	-0.134956	0
37	4.45527e-05	19	-0.121596	0
37	4.45527e-05	20	-0.108236	0
37	4.45527e-05	21	-0.0948757	0
37	4.45527e-05	22	-0.0815155	0
37	4.45527e-05	23	-0.0681554	0
37	4.45527e-05	24	-0.0547952	62.6499
37	4.45527e-05	25	-0.041435	141.937
37	4.45527e-05	26	-0.0280749	619.69
37	4.45527e-05	27	-0.0147147	1548.98
37	4.45527e-05	28	-0.00135454	2141.94
37	4.45527e-05	29	0.0120056	1950.93
37	4.45527e-05	30	0.0253658	810.962
37	4.45527e-05	31	0.038726	198.05
37	4.45527e-05	32	0.0520861	85.9119
37	4.45527e-05	33	0.0654463	46.1278
37	4.45527e-05	34	0.0788065	6.58846
37	4.45527e-05	35	0.0921666	0
37	4.45527e-05	36	0.105527	0
37	4.45527e-05	37	0.118887	0
37	4.45527e-05	38	0.132247	0
37	4.45527e-05	39	0.145607	0
37	4.45527e-05	40	0.158967	0
37	4.45527e-05	41	0.172328	0
37	4.45527e-05	42	0.185688	0
37	4.45527e-05	43	0.199048	0
37	4.45527e-05	44	0.212408	0
37	4.45527e-05	45	0.225768	0
37	4.45527e-05	46	0.239128	0
37	4.45527e-05	47	0.252489	0
37	4.45527e-05	48	0.265849	0
37	4.45527e-05	49	0.279209	0
38	4.57408e-05	0	-0.375439	0
38	4.57408e-05	1	-0.362079	0
38	4.57408e-05	2	-0.348719	0
38	4.57408e-05	3	-0.335359	0
38	4.57408e-05	4	-0.321999	0
38	4.57408e-05	5	-0.308638	0
38	4.57408e-05	6	-0.295278	0
38	4.57408e-05	7	-0.281918	0
38	4.57408e-05	8	-0.268558	0
38	4.57408e-05	9	-0.255198	0
38	4.57408e-05	10	-0.241838	0
38	4.57408e-05	11	-0.228477	0
38	4.57408e-05	12	-0.215117	0
38	4.57408e-05	13	-0.201757	0
38	4.57408e-05	14	-0.188397	0
38	4.57408e-05	15	-0.175037	0
38	4.57408e-05	16	-0.161677	0
38	4.57408e-05	17	-0.148316	0
38	4.57408e-05	18	-0.134956	0
38	4.57408e-05	19	-0.121596	0
38	4.57408e-05	20	-0.108236	0
38	4.57408e-05	21	-0.0948757	0
38	4.57408e-05	22	-0.0815155	0
38	4.57408e-05	23	-0.0681554	0
38	4.57408e-05	24	-0.0547952	19.7647
38	4.57408e-05	25	-0.041435	82.5271
38	4.57408e-05	26	-0.0280749	514.289
38	4.57408e-05	27	-0.0147147	1285.09
38	4.57408e-05	28	-0.00135454	1924.26
38	4.57408e-05	29	0.0120056	1680.74
38	4.57408e-05	30	0.0253658	563.644
38	4.57408e-05	31	0.038726	148.39
38	4.57408e-05	32	0.0520861	49.4973
38	4.57408e-05	33	0.0654463	19.7645
38	4.57408e-05	34	0.0788065	0
38	4.57408e-05	35	0.0921666	0
38	4.57408e-05	36	0.105527	0
38	4.57408e-05	37	0.118887	0
38	4.57408e-05	38	0.132247	0
38	4.57408e-05	39	0.145607	0
38	4.57408e-05	40	0.158967	0
38	4.57408e-05	41	0.172328	0
38	4.57408e-05	42	0.185688	0
38	4.57408e-05	43	0.199048	0
38	4.57408e-05	44	0.212408	0
38	4.57408e-05	45	0.225768	0
38	4.57408e-05	46	0.239128	0
38	4.57408e-05	47	0.252489	0
38	4.57408e-05	48	0.265849	0
38	4.57408e-05	49	0.279209	0
39	4.69289e-05	0	-0.375439	0
39	4.69289e-05	1	-0.362079	0
39	4.69289e-05	2	-0.348719	0
39	4.69289e-05	3	-0.335359	0
39	4.69289e-05	4	-0.321999	0
39	4.69289e-05	5	-0.308638	0
39	4.69289e-05	6	-0.295278	0
39	4.69289e-05	7	-0.281918	0
39	4.69289e-05	8	-0.268558	0
39	4.69289e-05	9	-0.255198	0
39	4.69289e-05	10	-0.241838	0
39	4.69289e-05	11	-0.228477	0
39	4.69289e-05	12	-0.215117	0
39	4.69289e-05	13	-0.201757	0
39	4.69289e-05	14	-0.188397	0
39	4.69289e-05	15	-0.175037	0
39	4.69289e-05	16	-0.161677	0
39	4.69289e-05	17	-0.148316	0
39	4.69289e-05	18	-0.134956	0
39	4.69289e-05	19	-0.121596	0
39	4.69289e-05	20	-0.108236	0
39	4.69289e-05	21	-0.0948757	0
39	4.69289e-05	22	-0.0815155	0
39	4.69289e-05	23	-0.0681554	0
39	4.69289e-05	24	-0.0547952	0
39	4.69289e-05	25	-0.041435	89.1742
39	4.69289e-05	26	-0.0280749	369.132
39	4.69289e-05	27	-0.0147147	1044.65
39	4.69289e-05	28	-0.00135454	1561.89
39	4.69289e-05	29	0.0120056	1202.74
39	4.69289e-05	30	0.0253658	468.101
39	4.69289e-05	31	0.038726	92.4128
39	4.69289e-05	32	0.0520861	46.1777
39	4.69289e-05	33	0.0654463	6.58803
39	4.69289e-05	34	0.0788065	0
39	4.69289e-05	35	0.0921666	0
39	4.69289e-05	36	0.105527	0
39	4.69289e-05	37	0.118887	0
39	4.69289e-05	38	0.132247	0
39	4.69289e-05	39	0.145607	0
39	4.69289e-05	40	0.158967	0
39	4.69289e-05	41	0.172328	0
39	4.69289e-05	42	0.185688	0
39	4.69289e-05	43	0.199048	0
39	4.69289e-05	44	0.212408	0
39	4.69289e-05	45	0.225768	0
39	4.69289e-05	46	0.239128	0
39	4.69289e-05	47	0.252489	0
39	4.69289e-05	48	0.265849	0
39	4.69289e-05	49	0.279209	0
40	4.81169e-05	0	-0.375439	0
40	4.81169e-05	1	-0.362079	0
40	4.81169e-05	2	-0.348719	0
40	4.81169e-05	3	-0.335359	0
40	4.81169e-05	4	-0.321999	0
40	4.81169e-05	5	-0.308638	0
40	4.81169e-05	6	-0.295278	0
40	4.81169e-05	7	-0.281918	0
40	4.81169e-05	8	-0.268558	0
40	4.81169e-05	9	-0.255198	0
40	4.81169e-05	10	-0.241838	0
40	4.81169e-05	11	-0.228477	0
40	4.81169e-05	12	-0.215117	0
40	4.81169e-05	13	-0.201757	0
40	4.81169e-05	14	-0.188397	0
40	4.81169e-05	15	-0.175037	0
40	4.81169e-05	16	-0.161677	0
40	4.81169e-05	17	-0.148316	0
40	4.81169e-05	18	-0.134956	0
40	4.81169e-05	19	-0.121596	0
40	4.81169e-05	20	-0.108236	0
40	4.81169e-05	21	-0.0948757	0
40	4.81169e-05	22	-0.0815155	0
40	4.81169e-05	23	-0.0681554	0
40	4.81169e-05	24	-0.0547952	0
40	4.81169e-05	25	-0.041435	62.638
40	4.81169e-05	26	-0.0280749	244.04
40	4.81169e-05	27	-0.0147147	731.548
40	4.81169e-05	28	-0.00135454	1462.97
40	4.81169e-05	29	0.0120056	777.681
40	4.81169e-05	30	0.0253658	319.698
40	4.81169e-05	31	0.038726	98.9407
40	4.81169e-05	32	0.0520861	19.8386
40	4.81169e-05	33	0.0654463	0
40	4.81169e-05	34	0.0788065	0
40	4.81169e-05	35	0.0921666	0
40	4.81169e-05	36	0.105527	0
40	4.81169e-05	37	0.118887	0
40	4.81169e-05	38	0.132247	0
40	4.81169e-05	39	0.145607	0
40	4.81169e-05	40	0.158967	0
40	4.81169e-05	41	0.172328	0
40	4.81169e-05	42	0.185688	0
40	4.81169e-05	43	0.199048	0
40	4.81169e-05	44	0.212408	0
40	4.81169e-05	45	0.225768	0
40	4.81169e-05	46	0.239128	0
40	4.81169e-05	47	0.252489	0
40	4.81169e-05	48	0.265849	0
40	4.81169e-05	49	0.279209	0
41	4.9305e-05	0	-0.375439	0
41	4.9305e-05	1	-0.362079	0
41	4.9305e-05	2	-0.348719	0
41	4.9305e-05	3	-0.335359	0
41	4.9305e-05	4	-0.321999	0
41	4.9305e-05	5	-0.308638	0
41	4.9305e-05	6	-0.295278	0
41	4.9305e-05	7	-0.281918	0
41	4.9305e-05	8	-0.268558	0
41	4.9305e-05	9	-0.255198	0
41	4.9305e-05	10	-0.241838	0
41	4.9305e-05	11	-0.228477	0
41	4.9305e-05	12	-0.215117	0
41	4.9305e-05	13	-0.201757	0
41	4.9305e-05	14	-0.188397	0
41	4.9305e-05	15	-0.175037	0
41	4.9305e-05	16	-0.161677	0
41	4.9305e-05	17	-0.148316	0
41	4.9305e-05	18	-0.134956	0
41	4.9305e-05	19	-0.121596	0
41	4.9305e-05	20	-0.108236	0
41	4.9305e-05	21	-0.0948757	0
41	4.9305e-05	22	-0.0815155	0
41	4.9305e-05	23	-0.0681554	0
41	4.9305e-05	24	-0.0547952	0
41	4.9305e-05	25	-0.041435	16.4747
41	4.9305e-05	26	-0.0280749	210.937
41	4.9305e-05	27	-0.0147147	477.908
41	4.9305e-05	28	-0.00135454	606.311
41	4.9305e-05	29	0.0120056	431.675
41	4.9305e-05	30	0.0253658	243.901
41	4.9305e-05	31	0.038726	52.7977
41	4.9305e-05	32	0.0520861	0
41	4.9305e-05	33	0.0654463	0
41	4.9305e-05	34	0.0788065	0
41	4.9305e-05	35	0.0921666	0
41	4.9305e-05	36	0.105527	0
41	4.9305e-05	37	0.118887	0
41	4.9305e-05	38	0.132247	0
41	4.9305e-05	39	0.145607	0
41	4.9305e-05	40	0.158967	0
41	4.9305e-05	41	0.172328	0
41	4.9305e-05	42	0.185688	0
41	4.9305e-05	43	0.199048	0
41	4.9305e-05	44	0.212408	0
41	4.9305e-05	45	0.225768	0
41	4.9305e-05	46	0.239128	0
41	4.9305e-05	47	0.252489	0
41	4.9305e-05	48	0.265849	0
41	4.9305e-05	49	0.279209	0
42	5.04931e-05	0	-0.375439	0
42	5.04931e-05	1	-0.362079	0
42	5.04931e-05	2	-0.348719	0
42	5.04931e-05	3	-0.335359	0
42	5.04931e-05	4	-0.321999	0
42	5.04931e-05	5	-0.308638	0
42	5.04931e-05	6	-0.295278	0
42	5.04931e-05	7	-0.281918	0
42	5.04931e-05	8	-0.268558	0
42	5.04931e-05	9	-0.255198	0
42	5.04931e-05	10	-0.241838	0
42	5.04931e-05	11	-0.228477	0
42	5.04931e-05	12	-0.215117	0
42	5.04931e-05	13	-0.201757	0
42	5.04931e-05	14	-0.188397	0
42	5.04931e-05	15	-0.175037	0
42	5.04931e-05	16	-0.161677	0
42	5.04931e-05	17	-0.148316	0
42	5.04931e-05	18	-0.134956	0
42	5.04931e-05	19	-0.121596	0
42	5.04931e-05	20	-0.108236	0
42	5.04931e-05	21	-0.0948757	0
42	5.04931e-05	22	-0.0815155	0
42	5.04931e-05	23	-0.0681554	0
42	5.04931e-05	24	-0.0547952	0
42	5.04931e-05	25	-0.041435	3.29402
42	5.04931e-05	26	-0.0280749	151.594
42	5.04931e-05	27	-0.0147147	418.473
42	5.04931e-05	28	-0.00135454	395.401
42	5.04931e-05	29	0.0120056	332.821
42	5.04931e-05	30	0.0253658	263.662
42	5.04931e-05	31	0.038726	29.6772
42	5.04931e-05	32	0.0520861	6.63477
42	5.04931e-05	33	0.0654463	0
42	5.04931e-05	34	0.0788065	0
42	5.04931e-05	35	0.0921666	0
42	5.04931e-05	36	0.105527	0
42	5.04931e-05	37	0.118887	0
42	5.04931e-05	38	0.132247	0
42	5.04931e-05	39	0.145607	0
42	5.04931e-05	40	0.158967	0
42	5.04931e-05	41	0.172328	0
42	5.04931e-05	42	0.185688	0
42	5.04931e-05	43	0.199048	0
42	5.04931e-05	44	0.212408	0
42	5.04931e-05	45	0.225768	0
42	5.04931e-05	46	0.239128	0
42	5.04931e-05	47	0.252489	0
42	5.04931e-05	48	0.265849	0
42	5.04931e-05	49	0.279209	0
43	5.16812e-05	0	-0.375439	0
43	5.16812e-05	1	-0.362079	0
43	5.16812e-05	2	-0.348719	0
43	5.16812e-05	3	-0.335359	0
43	5.16812e-05	4	-0.321999	0
43	5.16812e-05	5	-0.308638	0
43	5.16812e-05	6	-0.295278	0
43	5.16812e-05	7	-0.281918	0
43	5.16812e-05	8	-0.268558	0
43	5.16812e-05	9	-0.255198	0
43	5.16812e-05	10	-0.241838	0
43	5.16812e-05	11	-0.228477	0
43	5.16812e-05	12	-0.215117	0
43	5.16812e-05	13	-0.201757	0
43	5.16812e-05	14	-0.188397	0
43	5.16812e-05	15	-0.175037	0
43	5.16812e-05	16	-0.161677	0
43	5.16812e-05	17	-0.148316	0
43	5.16812e-05	18	-0.134956	0
43	5.16812e-05	19	-0.121596	0
43	5.16812e-05	20	-0.108236	0
43	5.16812e-05	21	-0.0948757	0
43	5.16812e-05	22	-0.0815155	0
43	5.16812e-05	23	-0.0681554	0
43	5.16812e-05	24	-0.0547952	0
43	5.16812e-05	25	-0.041435	9.88485
43	5.16812e-05	26	-0.0280749	82.3763
43	5.16812e-05	27	-0.0147147	339.371
43	5.16812e-05	28	-0.00135454	326.194
43	5.16812e-05	29	0.0120056	296.555
43	5.16812e-05	30	0.0253658	184.506
43	5.16812e-05	31	0.038726	6.61532
43	5.16812e-05	32	0.0520861	0
43	5.16812e-05	33	0.0654463	0
43	5.16812e-05	34	0.0788065	0
43	5.16812e-05	35	0.0921666	0
43	5.16812e-05	36	0.105527	0
43	5.16812e-05	37	0.118887	0
43	5.16812e-05	38	0.132247	0
43	5.16812e-05	39	0.145607	0
43	5.16812e-05	40	0.158967	0
43	5.16812e-05	41	0.172328	0
43	5.16812e-05	42	0.185688	0
43	5.16812e-05	43	0.199048	0
43	5.16812e-05	44	0.212408	0
43	5.16812e-05	45	0.225768	0
43	5.16812e-05	46	0.239128	0
43	5.16812e-05	47	0.252489	0
43	5.16812e-05	48	0.265849	0
43	5.16812e-05	49	0.279209	0
44	5.28692e-05	0	-0.375439	0
44	5.28692e-05	1	-0.362079	0
44	5.28692e-05	2	-0.348719	0
44	5.28692e-05	3	-0.335359	0
44	5.28692e-05	4	-0.321999	0
44	5.28692e-05	5	-0.308638	0
44	5.28692e-05	6	-0.295278	0
44	5.28692e-05	7	-0.281918	0
44	5.28692e-05	8	-0.268558	0
44	5.28692e-05	9	-0.255198	0
44	5.28692e-05	10	-0.241838	0
44	5.28692e-05	11	-0.228477	0
44	5.28692e-05	12	-0.215117	0
44	5.28692e-05	13	-0.201757	0
44	5.28692e-05	14	-0.188397	0
44	5.28692e-05	15	-0.175037	0
44	5.28692e-05	16	-0.161677	0
44	5.28692e-05	17	-0.148316	0
44	5.28692e-05	18	-0.134956	0
44	5.28692e-05	19	-0.121596	0
44	5.28692e-05	20	-0.108236	0
44	5.28692e-05	21	-0.0948757	0
44	5.28692e-05	22	-0.0815155	0
44	5.28692e-05	23	-0.0681554	0
44	5.28692e-05	24	-0.0547952	0
44	5.28692e-05	25	-0.041435	0
44	5.28692e-05	26	-0.0280749	26.363
44	5.28692e-05	27	-0.0147147	240.524
44	5.28692e-05	28	-0.00135454	299.827
44	5.28692e-05	29	0.0120056	270.17
44	5.28692e-05	30	0.0253658	128.507
44	5.28692e-05	31	0.038726	13.2196
44	5.28692e-05	32	0.0520861	0
44	5.28692e-05	33	0.0654463	0
44	5.28692e-05	34	0.0788065	0
44	5.28692e-05	35	0.0921666	0
44	5.28692e-05	36	0.105527	0
44	5.28692e-05	37	0.118887	0
44	5.28692e-05	38	0.132247	0
44	5.28692e-05	39	0.145607	0
44	5.28692e-05	40	0.158967	0
44	5.28692e-05	41	0.172328	0
44	5.28692e-05	42	0.185688	0
44	5.28692e-05	43	0.199048	0
44	5.28692e-05	44	0.212408	0
44	5.28692e-05	45	0.225768	0
44	5.28692e-05	46	0.239128	0
44	5.28692e-05	47	0.252489	0
44	5.28692e-05	48	0.265849	0
44	5.28692e-05	49	0.279209	0
45	5.40573e-05	0	-0.375439	0
45	5.40573e-05	1	-0.362079	0
45	5.40573e-05	2	-0.348719	0
45	5.40573e-05	3	-0.335359	0
45	5.40573e-05	4	-0.321999	0
45	5.40573e-05	5	-0.308638	0
45	5.40573e-05	6	-0.295278	0
45	5.40573e-05	7	-0.281918	0
45	5.40573e-05	8	-0.268558	0
45	5.40573e-05	9	-0.255198	0
45	5.40573e-05	10	-0.241838	0
45	5.40573e-05	11	-0.228477	0
45	5.40573e-05	12	-0.215117	0
45	5.40573e-05	13	-0.201757	0
45	5.40573e-05	14	-0.188397	0
45	5.40573e-05	15	-0.175037	0
45	5.40573e-05	16	-0.161677	0
45	5.40573e-05	17	-0.148316	0
45	5.40573e-05	18	-0.134956	0
45	5.40573e-05	19	-0.121596	0
45	5.40573e-05	20	-0.108236	0
45	5.40573e-05	21	-0.0948757	0
45	5.40573e-05	22	-0.0815155	0
45	5.40573e-05	23	-0.0681554	0
45	5.40573e-05	24	-0.0547952	0
45	5.40573e-05	25	-0.041435	3.29638
45	5.40573e-05	26	-0.0280749	32.949
45	5.40573e-05	27	-0.0147147	181.212
45	5.40573e-05	28	-0.00135454	247.101
45	5.40573e-05	29	0.0120056	266.885
45	5.40573e-05	30	0.0253658	36.2563
45	5.40573e-05	31	0.038726	9.89978
45	5.40573e-05	32	0.0520861	0
45	5.40573e-05	33	0.0654463	0
45	5.40573e-05	34	0.0788065	0
45	5.40573e-05	35	0.0921666	0
45	5.40573e-05	36	0.105527	0
45	5.40573e-05	37	0.118887	0
45	5.40573e-05	38	0.132247	0
45	5.40573e-05	39	0.145607	0
45	5.40573e-05	40	0.158967	0
45	5.40573e-05	41	0.172328	0
45	5.40573e-05	42	0.185688	0
45	5.40573e-05	43	0.199048	0
45	5.40573e-05	44	0.212408	0
45	5.40573e-05	45	0.225768	0
45	5.40573e-05	46	0.239128	0
45	5.40573e-05	47	0.252489	0
45	5.40573e-05	48	0.265849	0
45	5.40573e-05	49	0.279209	0
46	5.52454e-05	0	-0.375439	0
46	5.52454e-05	1	-0.362079	0
46	5.52454e-05	2	-0.348719	0
46	5.52454e-05	3	-0.335359	0
46	5.52454e-05	4	-0.321999	0
46	5.52454e-05	5	-0.308638	0
46	5.52454e-05	6	-0.295278	0
46	5.52454e-05	7	-0.281918	0
46	5.52454e-05	8	-0.268558	0
46	5.52454e-05	9	-0.255198	0
46	5.52454e-05	10	-0.241838	0
46	5.52454e-05	11	-0.228477	0
46	5.52454e-05	12	-0.215117	0
46	5.52454e-05	13	-0.201757	0
46	5.52454e-05	14	-0.188397	0
46	5.52454e-05	15	-0.175037	0
46	5.52454e-05	16	-0.161677	0
46	5.52454e-05	17	-0.148316	0
46	5.52454e-05	18	-0.134956	0
46	5.52454e-05	19	-0.121596	0
46	5.52454e-05	20	-0.108236	0
46	5.52454e-05	21	-0.0948757	0
46	5.52454e-05	22	-0.0815155	0
46	5.52454e-05	23	-0.0681554	0
46	5.52454e-05	24	-0.0547952	0
46	5.52454e-05	25	-0.041435	0
46	5.52454e-05	26	-0.0280749	23.0633
46	5.52454e-05	27	-0.0147147	112.024
46	5.52454e-05	28	-0.00135454	339.36
46	5.52454e-05	29	0.0120056	227.339
46	5.52454e-05	30	0.0253658	16.4821
46	5.52454e-05	31	0.038726	6.60211
46	5.52454e-05	32	0.0520861	0
46	5.52454e-05	33	0.0654463	0
46	5.52454e-05	34	0.0788065	0
46	5.52454e-05	35	0.0921666	0
46	5.52454e-05	36	0.105527	0
46	5.52454e-05	37	0.118887	0
46	5.52454e-05	38	0.132247	0
46	5.52454e-05	39	0.145607	0
46	5.52454e-05	40	0.158967	0
46	5.52454e-05	41	0.172328	0
46	5.52454e-05	42	0.185688	0
46	5.52454e-05	43	0.199048	0
46	5.52454e-05	44	0.212408	0
46	5.52454e-05	45	0.225768	0
46	5.52454e-05	46	0.239128	0
46	5.52454e-05	47	0.252489	0
46	5.52454e-05	48	0.265849	0
46	5.52454e-05	49	0.279209	0
47	5.64334e-05	0	-0.375439	0
47	5.64334e-05	1	-0.362079	0
47	5.64334e-05	2	-0.348719	0
47	5.64334e-05	3	-0.335359	0
47	5.64334e-05	4	-0.321999	0
47	5.64334e-05	5	-0.308638	0
47	5.64334e-05	6	-0.295278	0
47	5.64334e-05	7	-0.281918	0
47	5.64334e-05	8	-0.268558	0
47	5.64334e-05	9	-0.255198	0
47	5.64334e-05	10	-0.241838	0
47	5.64334e-05	11	-0.228477	0
47	5.64334e-05	12	-0.215117	0
47	5.64334e-05	13	-0.201757	0
47	5.64334e-05	14	-0.188397	0
47	5.64334e-05	15	-0.175037	0
47	5.64334e-05	16	-0.161677	0
47	5.64334e-05	17	-0.148316	0
47	5.64334e-05	18	-0.134956	0
47	5.64334e-05	19	-0.121596	0
47	5.64334e-05	20	-0.108236	0
47	5.64334e-05	21	-0.0948757	0
47	5.64334e-05	22	-0.0815155	0
47	5.64334e-05	23	-0.0681554	0
47	5.64334e-05	24	-0.0547952	0
47	5.64334e-05	25	-0.041435	0
47	5.64334e-05	26	-0.0280749	3.29423
47	5.64334e-05	27	-0.0147147	82.3646
47	5.64334e-05	28	-0.00135454	194.387
47	5.64334e-05	29	0.0120056	102.135
47	5.64334e-05	30	0.0253658	19.7805
47	5.64334e-05	31	0.038726	0
47	5.64334e-05	32	0.0520861	0
47	5.64334e-05	33	0.0654463	0
47	5.64334e-05	34	0.0788065	0
47	5.64334e-05	35	0.0921666	0
47	5.64334e-05	36	0.105527	0
47	5.64334e-05	37	0.118887	0
47	5.64334e-05	38	0.132247	0
47	5.64334e-05	39	0.145607	0
47	5.64334e-05	40	0.158967	0
47	5.64334e-05	41	0.172328	0
47	5.64334e-05	42	0.185688	0
47	5.64334e-05	43	0.199048	0
47	5.64334e-05	44	0.212408	0
47	5.64334e-05	45	0.225768	0
47	5.64334e-05	46	0.239128	0
47	5.64334e-05	47	0.252489	0
47	5.64334e-05	48	0.265849	0
47	5.64334e-05	49	0.279209	0
48	5.76215e-05	0	-0.375439	0
48	5.76215e-05	1	-0.362079	0
48	5.76215e-05	2	-0.348719	0
48	5.76215e-05	3	-0.335359	0
48	5.76215e-05	4	-0.321999	0
48	5.76215e-05	5	-0.308638	0
48	5.76215e-05	6	-0.295278	0
48	5.76215e-05	7	-0.281918	0
48	5.76215e-05	8	-0.268558	0
48	5.76215e-05	9	-0.255198	0
48	5.76215e-05	10	-0.241838	0
48	5.76215e-05	11	-0.228477	0
48	5.76215e-05	12	-0.215117	0
48	5.76215e-05	13	-0.201757	0
48	5.76215e-05	14	-0.188397	0
48	5.76215e-05	15	-0.175037	0
48	5.76215e-05	16	-0.161677	0
48	5.76215e-05	17	-0.148316	0
48	5.76215e-05	18	-0.134956	0
48	5.76215e-05	19	-0.121596	0
48	5.76215e-05	20	-0.108236	0
48	5.76215e-05	21	-0.0948757	0
48	5.76215e-05	22	-0.0815155	0
48	5.76215e-05	23	-0.0681554	0
48	5.76215e-05	24	-0.0547952	0
48	5.76215e-05	25	-0.041435	0
48	5.76215e-05	26	-0.0280749	9.88442
48	5.76215e-05	27	-0.0147147	65.895
48	5.76215e-05	28	-0.00135454	82.3673
48	5.76215e-05	29	0.0120056	46.1301
48	5.76215e-05	30	0.0253658	9.88947
48	5.76215e-05	31	0.038726	0
48	5.76215e-05	32	0.0520861	0
48	5.76215e-05	33	0.0654463	0
48	5.76215e-05	34	0.0788065	0
48	5.76215e-05	35	0.0921666	0
48	5.76215e-05	36	0.105527	0
48	5.76215e-05	37	0.118887	0
48	5.76215e-05	38	0.132247	0
48	5.76215e-05	39	0.145607	0
48	5.76215e-05	40	0.158967	0
48	5.76215e-05	41	0.172328	0
48	5.76215e-05	42	0.185688	0
48	5.76215e-05	43	0.199048	0
48	5.76215e-05	44	0.212408	0
48	5.76215e-05	45	0.225768	0
48	5.76215e-05	46	0.239128	0
48	5.76215e-05	47	0.252489	0
48	5.76215e-05	48	0.265849	0
48	5.76215e-05	49	0.279209	0
49	5.88096e-05	0	-0.375439	0
49	5.88096e-05	1	-0.362079	0
49	5.88096e-05	2	-0.348719	0
49	5.88096e-05	3	-0.335359	0
49	5.88096e-05	4	-0.321999	0
49	5.88096e-05	5	-0.308638	0
49	5.88096e-05	6	-0.295278	0
49	5.88096e-05	7	-0.281918	0
49	5.88096e-05	8	-0.268558	0
49	5.88096e-05	9	-0.255198	0
49	5.88096e-05	10	-0.241838	0
49	5.88096e-05	11	-0.228477	0
49	5.88096e-05	12	-0.215117	0
49	5.88096e-05	13	-0.201757	0
49	5.88096e-05	14	-0.188397	0
49	5.88096e-05	15	-0.175037	0
49	5.88096e-05	16	-0.161677	0
49	5.88096e-05	17	-0.148316	0
49	5.88096e-05	18	-0.134956	0
49	5.88096e-05	19	-0.121596	0
49	5.88096e-05	20	-0.108236	0
49	5.88096e-05	21	-0.0948757	0
49	5.88096e-05	22	-0.0815155	0
49	5.88096e-05	23	-0.0681554	0
49	5.88096e-05	24	-0.0547952	0
49	5.88096e-05	25	-0.041435	0
49	5.88096e-05	26	-0.0280749	0
49	5.88096e-05	27	-0.0147147	32.9432
49	5.88096e-05	28	-0.00135454	88.9584
49	5.88096e-05	29	0.0120056	29.6549
49	5.88096e-05	30	0.0253658	0
49	5.88096e-05	31	0.038726	0
49	5.88096e-05	32	0.0520861	0
49	5.88096e-05	33	0.0654463	0
49	5.88096e-05	34	0.0788065	0
49	5.88096e-05	35	0.0921666	0
49	5.88096e-05	36	0.105527	0
49	5.88096e-05	37	0.118887	0
49	5.88096e-05	38	0.132247	0
49	5.88096e-05	39	0.145607	0
49	5.88096e-05	40	0.158967	0
49	5.88096e-05	41	0.172328	0
49	5.88096e-05	42	0.185688	0
49	5.88096e-05	43	0.199048	0
49	5.88096e-05	44	0.212408	0
49	5.88096e-05	45	0.225768	0
49	5.88096e-05	46	0.239128	0
49	5.88096e-05	47	0.252489	0
49	5.88096e-05	48	0.265849	0
49	5.88096e-05	49	0.279209	0
