# binIndex1	binCenter1	binIndex2	binCenter2	count
0	1.1194e-07	0	0.000116015	6.14033e+10
0	1.1194e-07	1	0.000156152	5.89379e+10
0	1.1194e-07	2	0.000210174	5.82479e+10
0	1.1194e-07	3	0.000282885	4.95498e+10
0	1.1194e-07	4	0.000380752	4.26818e+10
0	1.1194e-07	5	0.000512476	3.32469e+10
0	1.1194e-07	6	0.000689771	1.80457e+10
0	1.1194e-07	7	0.000928403	1.283e+10
0	1.1194e-07	8	0.00124959	8.44067e+09
0	1.1194e-07	9	0.0016819	4.44538e+09
0	1.1194e-07	10	0.00226377	2.32786e+09
0	1.1194e-07	11	0.00304693	1.12081e+09
0	1.1194e-07	12	0.00410104	6.6623e+08
0	1.1194e-07	13	0.00551983	2.85266e+08
0	1.1194e-07	14	0.00742947	1.0683e+08
0	1.1194e-07	15	0.00999975	2.83013e+07
0	1.1194e-07	16	0.0134592	9.20274e+06
0	1.1194e-07	17	0.0181156	2.15996e+06
0	1.1194e-07	18	0.0243828	691996
0	1.1194e-07	19	0.0328183	268418
0	1.1194e-07	20	0.044172	0
0	1.1194e-07	21	0.0594537	0
0	1.1194e-07	22	0.0800221	0
0	1.1194e-07	23	0.107706	0
0	1.1194e-07	24	0.144968	0
0	1.1194e-07	25	0.195121	0
0	1.1194e-07	26	0.262625	0
0	1.1194e-07	27	0.353483	0
0	1.1194e-07	28	0.475773	0
0	1.1194e-07	29	0.64037	0
0	1.1194e-07	30	0.861911	0
0	1.1194e-07	31	1.1601	0
0	1.1194e-07	32	1.56144	0
0	1.1194e-07	33	2.10164	0
0	1.1194e-07	34	2.82871	0
0	1.1194e-07	35	3.80733	0
0	1.1194e-07	36	5.12451	0
0	1.1194e-07	37	6.89737	0
0	1.1194e-07	38	9.28357	0
0	1.1194e-07	39	12.4953	0
1	1.40268e-07	0	0.000116015	4.8992e+10
1	1.40268e-07	1	0.000156152	3.99295e+10
1	1.40268e-07	2	0.000210174	3.46995e+10
1	1.40268e-07	3	0.000282885	3.06309e+10
1	1.40268e-07	4	0.000380752	2.84596e+10
1	1.40268e-07	5	0.000512476	2.99133e+10
1	1.40268e-07	6	0.000689771	1.86573e+10
1	1.40268e-07	7	0.000928403	1.01907e+10
1	1.40268e-07	8	0.00124959	7.00416e+09
1	1.40268e-07	9	0.0016819	3.97604e+09
1	1.40268e-07	10	0.00226377	2.15155e+09
1	1.40268e-07	11	0.00304693	1.0939e+09
1	1.40268e-07	12	0.00410104	6.58741e+08
1	1.40268e-07	13	0.00551983	2.84134e+08
1	1.40268e-07	14	0.00742947	1.16353e+08
1	1.40268e-07	15	0.00999975	3.95582e+07
1	1.40268e-07	16	0.0134592	9.77911e+06
1	1.40268e-07	17	0.0181156	3.4035e+06
1	1.40268e-07	18	0.0243828	405154
1	1.40268e-07	19	0.0328183	118954
1	1.40268e-07	20	0.044172	0
1	1.40268e-07	21	0.0594537	0
1	1.40268e-07	22	0.0800221	0
1	1.40268e-07	23	0.107706	0
1	1.40268e-07	24	0.144968	0
1	1.40268e-07	25	0.195121	0
1	1.40268e-07	26	0.262625	0
1	1.40268e-07	27	0.353483	0
1	1.40268e-07	28	0.475773	0
1	1.40268e-07	29	0.64037	0
1	1.40268e-07	30	0.861911	0
1	1.40268e-07	31	1.1601	0
1	1.40268e-07	32	1.56144	0
1	1.40268e-07	33	2.10164	0
1	1.40268e-07	34	2.82871	0
1	1.40268e-07	35	3.80733	0
1	1.40268e-07	36	5.12451	0
1	1.40268e-07	37	6.89737	0
1	1.40268e-07	38	9.28357	0
1	1.40268e-07	39	12.4953	0
2	1.75764e-07	0	0.000116015	2.66274e+10
2	1.75764e-07	1	0.000156152	2.36327e+10
2	1.75764e-07	2	0.000210174	2.26187e+10
2	1.75764e-07	3	0.000282885	2.14302e+10
2	1.75764e-07	4	0.000380752	2.01558e+10
2	1.75764e-07	5	0.000512476	2.00047e+10
2	1.75764e-07	6	0.000689771	1.93134e+10
2	1.75764e-07	7	0.000928403	1.00548e+10
2	1.75764e-07	8	0.00124959	5.36735e+09
2	1.75764e-07	9	0.0016819	3.59343e+09
2	1.75764e-07	10	0.00226377	2.00875e+09
2	1.75764e-07	11	0.00304693	1.11859e+09
2	1.75764e-07	12	0.00410104	5.63281e+08
2	1.75764e-07	13	0.00551983	2.7397e+08
2	1.75764e-07	14	0.00742947	1.30713e+08
2	1.75764e-07	15	0.00999975	4.67231e+07
2	1.75764e-07	16	0.0134592	1.29487e+07
2	1.75764e-07	17	0.0181156	3.56883e+06
2	1.75764e-07	18	0.0243828	345696
2	1.75764e-07	19	0.0328183	37261.2
2	1.75764e-07	20	0.044172	37515
2	1.75764e-07	21	0.0594537	0
2	1.75764e-07	22	0.0800221	0
2	1.75764e-07	23	0.107706	0
2	1.75764e-07	24	0.144968	0
2	1.75764e-07	25	0.195121	0
2	1.75764e-07	26	0.262625	0
2	1.75764e-07	27	0.353483	0
2	1.75764e-07	28	0.475773	0
2	1.75764e-07	29	0.64037	0
2	1.75764e-07	30	0.861911	0
2	1.75764e-07	31	1.1601	0
2	1.75764e-07	32	1.56144	0
2	1.75764e-07	33	2.10164	0
2	1.75764e-07	34	2.82871	0
2	1.75764e-07	35	3.80733	0
2	1.75764e-07	36	5.12451	0
2	1.75764e-07	37	6.89737	0
2	1.75764e-07	38	9.28357	0
2	1.75764e-07	39	12.4953	0
3	2.20244e-07	0	0.000116015	1.79881e+10
3	2.20244e-07	1	0.000156152	1.70421e+10
3	2.20244e-07	2	0.000210174	1.594e+10
3	2.20244e-07	3	0.000282885	1.4438e+10
3	2.20244e-07	4	0.000380752	1.40684e+10
3	2.20244e-07	5	0.000512476	1.28732e+10
3	2.20244e-07	6	0.000689771	1.28064e+10
3	2.20244e-07	7	0.000928403	1.09473e+10
3	2.20244e-07	8	0.00124959	4.95155e+09
3	2.20244e-07	9	0.0016819	3.0575e+09
3	2.20244e-07	10	0.00226377	1.88268e+09
3	2.20244e-07	11	0.00304693	1.0038e+09
3	2.20244e-07	12	0.00410104	5.86423e+08
3	2.20244e-07	13	0.00551983	2.52182e+08
3	2.20244e-07	14	0.00742947	1.20768e+08
3	2.20244e-07	15	0.00999975	5.42718e+07
3	2.20244e-07	16	0.0134592	1.84355e+07
3	2.20244e-07	17	0.0181156	3.30781e+06
3	2.20244e-07	18	0.0243828	609129
3	2.20244e-07	19	0.0328183	143911
3	2.20244e-07	20	0.044172	82963.6
3	2.20244e-07	21	0.0594537	0
3	2.20244e-07	22	0.0800221	0
3	2.20244e-07	23	0.107706	0
3	2.20244e-07	24	0.144968	0
3	2.20244e-07	25	0.195121	0
3	2.20244e-07	26	0.262625	0
3	2.20244e-07	27	0.353483	0
3	2.20244e-07	28	0.475773	0
3	2.20244e-07	29	0.64037	0
3	2.20244e-07	30	0.861911	0
3	2.20244e-07	31	1.1601	0
3	2.20244e-07	32	1.56144	0
3	2.20244e-07	33	2.10164	0
3	2.20244e-07	34	2.82871	0
3	2.20244e-07	35	3.80733	0
3	2.20244e-07	36	5.12451	0
3	2.20244e-07	37	6.89737	0
3	2.20244e-07	38	9.28357	0
3	2.20244e-07	39	12.4953	0
4	2.75979e-07	0	0.000116015	1.19442e+10
4	2.75979e-07	1	0.000156152	1.13107e+10
4	2.75979e-07	2	0.000210174	1.06511e+10
4	2.75979e-07	3	0.000282885	1.02306e+10
4	2.75979e-07	4	0.000380752	9.72501e+09
4	2.75979e-07	5	0.000512476	8.66863e+09
4	2.75979e-07	6	0.000689771	8.29274e+09
4	2.75979e-07	7	0.000928403	8.28431e+09
4	2.75979e-07	8	0.00124959	6.01341e+09
4	2.75979e-07	9	0.0016819	2.5867e+09
4	2.75979e-07	10	0.00226377	1.63511e+09
4	2.75979e-07	11	0.00304693	9.42175e+08
4	2.75979e-07	12	0.00410104	5.17689e+08
4	2.75979e-07	13	0.00551983	2.87253e+08
4	2.75979e-07	14	0.00742947	1.1626e+08
4	2.75979e-07	15	0.00999975	5.19384e+07
4	2.75979e-07	16	0.0134592	1.9625e+07
4	2.75979e-07	17	0.0181156	5.17697e+06
4	2.75979e-07	18	0.0243828	624433
4	2.75979e-07	19	0.0328183	189144
4	2.75979e-07	20	0.044172	9114.98
4	2.75979e-07	21	0.0594537	0
4	2.75979e-07	22	0.0800221	0
4	2.75979e-07	23	0.107706	0
4	2.75979e-07	24	0.144968	0
4	2.75979e-07	25	0.195121	0
4	2.75979e-07	26	0.262625	0
4	2.75979e-07	27	0.353483	0
4	2.75979e-07	28	0.475773	0
4	2.75979e-07	29	0.64037	0
4	2.75979e-07	30	0.861911	0
4	2.75979e-07	31	1.1601	0
4	2.75979e-07	32	1.56144	0
4	2.75979e-07	33	2.10164	0
4	2.75979e-07	34	2.82871	0
4	2.75979e-07	35	3.80733	0
4	2.75979e-07	36	5.12451	0
4	2.75979e-07	37	6.89737	0
4	2.75979e-07	38	9.28357	0
4	2.75979e-07	39	12.4953	0
5	3.45818e-07	0	0.000116015	8.07626e+09
5	3.45818e-07	1	0.000156152	7.69827e+09
5	3.45818e-07	2	0.000210174	7.83533e+09
5	3.45818e-07	3	0.000282885	7.05758e+09
5	3.45818e-07	4	0.000380752	6.53032e+09
5	3.45818e-07	5	0.000512476	6.34e+09
5	3.45818e-07	6	0.000689771	5.74645e+09
5	3.45818e-07	7	0.000928403	5.22119e+09
5	3.45818e-07	8	0.00124959	5.17709e+09
5	3.45818e-07	9	0.0016819	2.95883e+09
5	3.45818e-07	10	0.00226377	1.33409e+09
5	3.45818e-07	11	0.00304693	8.99411e+08
5	3.45818e-07	12	0.00410104	4.49829e+08
5	3.45818e-07	13	0.00551983	2.84115e+08
5	3.45818e-07	14	0.00742947	1.33599e+08
5	3.45818e-07	15	0.00999975	5.47986e+07
5	3.45818e-07	16	0.0134592	1.98262e+07
5	3.45818e-07	17	0.0181156	5.8086e+06
5	3.45818e-07	18	0.0243828	1.15605e+06
5	3.45818e-07	19	0.0328183	113387
5	3.45818e-07	20	0.044172	21208.8
5	3.45818e-07	21	0.0594537	0
5	3.45818e-07	22	0.0800221	13564.5
5	3.45818e-07	23	0.107706	0
5	3.45818e-07	24	0.144968	0
5	3.45818e-07	25	0.195121	0
5	3.45818e-07	26	0.262625	0
5	3.45818e-07	27	0.353483	0
5	3.45818e-07	28	0.475773	0
5	3.45818e-07	29	0.64037	0
5	3.45818e-07	30	0.861911	0
5	3.45818e-07	31	1.1601	0
5	3.45818e-07	32	1.56144	0
5	3.45818e-07	33	2.10164	0
5	3.45818e-07	34	2.82871	0
5	3.45818e-07	35	3.80733	0
5	3.45818e-07	36	5.12451	0
5	3.45818e-07	37	6.89737	0
5	3.45818e-07	38	9.28357	0
5	3.45818e-07	39	12.4953	0
6	4.33332e-07	0	0.000116015	5.91982e+09
6	4.33332e-07	1	0.000156152	5.55205e+09
6	4.33332e-07	2	0.000210174	5.34686e+09
6	4.33332e-07	3	0.000282885	5.09374e+09
6	4.33332e-07	4	0.000380752	4.49664e+09
6	4.33332e-07	5	0.000512476	4.47634e+09
6	4.33332e-07	6	0.000689771	4.16646e+09
6	4.33332e-07	7	0.000928403	3.74255e+09
6	4.33332e-07	8	0.00124959	3.19832e+09
6	4.33332e-07	9	0.0016819	2.95484e+09
6	4.33332e-07	10	0.00226377	1.39061e+09
6	4.33332e-07	11	0.00304693	7.38284e+08
6	4.33332e-07	12	0.00410104	4.90289e+08
6	4.33332e-07	13	0.00551983	2.36482e+08
6	4.33332e-07	14	0.00742947	1.40382e+08
6	4.33332e-07	15	0.00999975	5.99376e+07
6	4.33332e-07	16	0.0134592	2.02828e+07
6	4.33332e-07	17	0.0181156	6.34893e+06
6	4.33332e-07	18	0.0243828	1.59815e+06
6	4.33332e-07	19	0.0328183	170426
6	4.33332e-07	20	0.044172	76521.1
6	4.33332e-07	21	0.0594537	12335.3
6	4.33332e-07	22	0.0800221	0
6	4.33332e-07	23	0.107706	0
6	4.33332e-07	24	0.144968	0
6	4.33332e-07	25	0.195121	0
6	4.33332e-07	26	0.262625	0
6	4.33332e-07	27	0.353483	0
6	4.33332e-07	28	0.475773	0
6	4.33332e-07	29	0.64037	0
6	4.33332e-07	30	0.861911	0
6	4.33332e-07	31	1.1601	0
6	4.33332e-07	32	1.56144	0
6	4.33332e-07	33	2.10164	0
6	4.33332e-07	34	2.82871	0
6	4.33332e-07	35	3.80733	0
6	4.33332e-07	36	5.12451	0
6	4.33332e-07	37	6.89737	0
6	4.33332e-07	38	9.28357	0
6	4.33332e-07	39	12.4953	0
7	5.42991e-07	0	0.000116015	3.85891e+09
7	5.42991e-07	1	0.000156152	3.75657e+09
7	5.42991e-07	2	0.000210174	3.50172e+09
7	5.42991e-07	3	0.000282885	3.35103e+09
7	5.42991e-07	4	0.000380752	3.23739e+09
7	5.42991e-07	5	0.000512476	3.01438e+09
7	5.42991e-07	6	0.000689771	2.86564e+09
7	5.42991e-07	7	0.000928403	2.70903e+09
7	5.42991e-07	8	0.00124959	2.25468e+09
7	5.42991e-07	9	0.0016819	2.02104e+09
7	5.42991e-07	10	0.00226377	1.67451e+09
7	5.42991e-07	11	0.00304693	6.85312e+08
7	5.42991e-07	12	0.00410104	4.34009e+08
7	5.42991e-07	13	0.00551983	2.45206e+08
7	5.42991e-07	14	0.00742947	1.25383e+08
7	5.42991e-07	15	0.00999975	6.4332e+07
7	5.42991e-07	16	0.0134592	2.39713e+07
7	5.42991e-07	17	0.0181156	8.13942e+06
7	5.42991e-07	18	0.0243828	1.87976e+06
7	5.42991e-07	19	0.0328183	294083
7	5.42991e-07	20	0.044172	31489.9
7	5.42991e-07	21	0.0594537	12123
7	5.42991e-07	22	0.0800221	0
7	5.42991e-07	23	0.107706	0
7	5.42991e-07	24	0.144968	0
7	5.42991e-07	25	0.195121	0
7	5.42991e-07	26	0.262625	0
7	5.42991e-07	27	0.353483	0
7	5.42991e-07	28	0.475773	0
7	5.42991e-07	29	0.64037	0
7	5.42991e-07	30	0.861911	0
7	5.42991e-07	31	1.1601	0
7	5.42991e-07	32	1.56144	0
7	5.42991e-07	33	2.10164	0
7	5.42991e-07	34	2.82871	0
7	5.42991e-07	35	3.80733	0
7	5.42991e-07	36	5.12451	0
7	5.42991e-07	37	6.89737	0
7	5.42991e-07	38	9.28357	0
7	5.42991e-07	39	12.4953	0
8	6.80401e-07	0	0.000116015	2.68331e+09
8	6.80401e-07	1	0.000156152	2.41012e+09
8	6.80401e-07	2	0.000210174	2.33055e+09
8	6.80401e-07	3	0.000282885	2.19856e+09
8	6.80401e-07	4	0.000380752	2.15747e+09
8	6.80401e-07	5	0.000512476	2.08446e+09
8	6.80401e-07	6	0.000689771	1.9865e+09
8	6.80401e-07	7	0.000928403	1.99449e+09
8	6.80401e-07	8	0.00124959	1.79463e+09
8	6.80401e-07	9	0.0016819	1.43646e+09
8	6.80401e-07	10	0.00226377	1.239e+09
8	6.80401e-07	11	0.00304693	8.51087e+08
8	6.80401e-07	12	0.00410104	3.47389e+08
8	6.80401e-07	13	0.00551983	2.39347e+08
8	6.80401e-07	14	0.00742947	1.21972e+08
8	6.80401e-07	15	0.00999975	5.97035e+07
8	6.80401e-07	16	0.0134592	2.71584e+07
8	6.80401e-07	17	0.0181156	8.46794e+06
8	6.80401e-07	18	0.0243828	2.1119e+06
8	6.80401e-07	19	0.0328183	342315
8	6.80401e-07	20	0.044172	58969.2
8	6.80401e-07	21	0.0594537	11492.2
8	6.80401e-07	22	0.0800221	0
8	6.80401e-07	23	0.107706	0
8	6.80401e-07	24	0.144968	0
8	6.80401e-07	25	0.195121	0
8	6.80401e-07	26	0.262625	0
8	6.80401e-07	27	0.353483	0
8	6.80401e-07	28	0.475773	0
8	6.80401e-07	29	0.64037	0
8	6.80401e-07	30	0.861911	0
8	6.80401e-07	31	1.1601	0
8	6.80401e-07	32	1.56144	0
8	6.80401e-07	33	2.10164	0
8	6.80401e-07	34	2.82871	0
8	6.80401e-07	35	3.80733	0
8	6.80401e-07	36	5.12451	0
8	6.80401e-07	37	6.89737	0
8	6.80401e-07	38	9.28357	0
8	6.80401e-07	39	12.4953	0
9	8.52584e-07	0	0.000116015	1.88697e+09
9	8.52584e-07	1	0.000156152	1.68953e+09
9	8.52584e-07	2	0.000210174	1.61451e+09
9	8.52584e-07	3	0.000282885	1.63011e+09
9	8.52584e-07	4	0.000380752	1.47288e+09
9	8.52584e-07	5	0.000512476	1.54902e+09
9	8.52584e-07	6	0.000689771	1.46225e+09
9	8.52584e-07	7	0.000928403	1.36949e+09
9	8.52584e-07	8	0.00124959	1.25468e+09
9	8.52584e-07	9	0.0016819	1.11056e+09
9	8.52584e-07	10	0.00226377	8.41831e+08
9	8.52584e-07	11	0.00304693	7.41491e+08
9	8.52584e-07	12	0.00410104	4.11038e+08
9	8.52584e-07	13	0.00551983	1.82825e+08
9	8.52584e-07	14	0.00742947	1.34197e+08
9	8.52584e-07	15	0.00999975	5.53227e+07
9	8.52584e-07	16	0.0134592	2.83843e+07
9	8.52584e-07	17	0.0181156	9.58968e+06
9	8.52584e-07	18	0.0243828	2.5452e+06
9	8.52584e-07	19	0.0328183	392779
9	8.52584e-07	20	0.044172	77427.2
9	8.52584e-07	21	0.0594537	6049.28
9	8.52584e-07	22	0.0800221	2722.25
9	8.52584e-07	23	0.107706	2497.57
9	8.52584e-07	24	0.144968	0
9	8.52584e-07	25	0.195121	0
9	8.52584e-07	26	0.262625	0
9	8.52584e-07	27	0.353483	0
9	8.52584e-07	28	0.475773	0
9	8.52584e-07	29	0.64037	0
9	8.52584e-07	30	0.861911	0
9	8.52584e-07	31	1.1601	0
9	8.52584e-07	32	1.56144	0
9	8.52584e-07	33	2.10164	0
9	8.52584e-07	34	2.82871	0
9	8.52584e-07	35	3.80733	0
9	8.52584e-07	36	5.12451	0
9	8.52584e-07	37	6.89737	0
9	8.52584e-07	38	9.28357	0
9	8.52584e-07	39	12.4953	0
10	1.06834e-06	0	0.000116015	1.22673e+09
10	1.06834e-06	1	0.000156152	1.16073e+09
10	1.06834e-06	2	0.000210174	1.10797e+09
10	1.06834e-06	3	0.000282885	1.09614e+09
10	1.06834e-06	4	0.000380752	1.05398e+09
10	1.06834e-06	5	0.000512476	9.99509e+08
10	1.06834e-06	6	0.000689771	9.93604e+08
10	1.06834e-06	7	0.000928403	9.08672e+08
10	1.06834e-06	8	0.00124959	8.65191e+08
10	1.06834e-06	9	0.0016819	7.964e+08
10	1.06834e-06	10	0.00226377	6.51907e+08
10	1.06834e-06	11	0.00304693	4.9963e+08
10	1.06834e-06	12	0.00410104	4.4242e+08
10	1.06834e-06	13	0.00551983	2.05345e+08
10	1.06834e-06	14	0.00742947	1.07997e+08
10	1.06834e-06	15	0.00999975	6.99174e+07
10	1.06834e-06	16	0.0134592	2.77142e+07
10	1.06834e-06	17	0.0181156	1.24276e+07
10	1.06834e-06	18	0.0243828	3.41429e+06
10	1.06834e-06	19	0.0328183	630725
10	1.06834e-06	20	0.044172	95644.3
10	1.06834e-06	21	0.0594537	17119.3
10	1.06834e-06	22	0.0800221	4832.5
10	1.06834e-06	23	0.107706	698.983
10	1.06834e-06	24	0.144968	0
10	1.06834e-06	25	0.195121	0
10	1.06834e-06	26	0.262625	0
10	1.06834e-06	27	0.353483	0
10	1.06834e-06	28	0.475773	0
10	1.06834e-06	29	0.64037	0
10	1.06834e-06	30	0.861911	0
10	1.06834e-06	31	1.1601	0
10	1.06834e-06	32	1.56144	0
10	1.06834e-06	33	2.10164	0
10	1.06834e-06	34	2.82871	0
10	1.06834e-06	35	3.80733	0
10	1.06834e-06	36	5.12451	0
10	1.06834e-06	37	6.89737	0
10	1.06834e-06	38	9.28357	0
10	1.06834e-06	39	12.4953	0
11	1.3387e-06	0	0.000116015	8.75879e+08
11	1.3387e-06	1	0.000156152	8.62265e+08
11	1.3387e-06	2	0.000210174	7.92344e+08
11	1.3387e-06	3	0.000282885	7.71223e+08
11	1.3387e-06	4	0.000380752	7.43069e+08
11	1.3387e-06	5	0.000512476	7.21631e+08
11	1.3387e-06	6	0.000689771	6.67676e+08
11	1.3387e-06	7	0.000928403	6.47479e+08
11	1.3387e-06	8	0.00124959	5.94173e+08
11	1.3387e-06	9	0.0016819	5.54791e+08
11	1.3387e-06	10	0.00226377	4.72955e+08
11	1.3387e-06	11	0.00304693	3.71208e+08
11	1.3387e-06	12	0.00410104	3.05749e+08
11	1.3387e-06	13	0.00551983	2.51004e+08
11	1.3387e-06	14	0.00742947	9.9611e+07
11	1.3387e-06	15	0.00999975	6.34728e+07
11	1.3387e-06	16	0.0134592	3.44679e+07
11	1.3387e-06	17	0.0181156	1.31429e+07
11	1.3387e-06	18	0.0243828	4.54163e+06
11	1.3387e-06	19	0.0328183	991630
11	1.3387e-06	20	0.044172	144823
11	1.3387e-06	21	0.0594537	32639.5
11	1.3387e-06	22	0.0800221	3582.46
11	1.3387e-06	23	0.107706	607.052
11	1.3387e-06	24	0.144968	0
11	1.3387e-06	25	0.195121	0
11	1.3387e-06	26	0.262625	0
11	1.3387e-06	27	0.353483	0
11	1.3387e-06	28	0.475773	0
11	1.3387e-06	29	0.64037	0
11	1.3387e-06	30	0.861911	0
11	1.3387e-06	31	1.1601	0
11	1.3387e-06	32	1.56144	0
11	1.3387e-06	33	2.10164	0
11	1.3387e-06	34	2.82871	0
11	1.3387e-06	35	3.80733	0
11	1.3387e-06	36	5.12451	0
11	1.3387e-06	37	6.89737	0
11	1.3387e-06	38	9.28357	0
11	1.3387e-06	39	12.4953	0
12	1.67747e-06	0	0.000116015	5.79507e+08
12	1.67747e-06	1	0.000156152	5.30255e+08
12	1.67747e-06	2	0.000210174	5.28075e+08
12	1.67747e-06	3	0.000282885	5.06609e+08
12	1.67747e-06	4	0.000380752	4.79681e+08
12	1.67747e-06	5	0.000512476	4.8166e+08
12	1.67747e-06	6	0.000689771	4.52194e+08
12	1.67747e-06	7	0.000928403	4.48197e+08
12	1.67747e-06	8	0.00124959	4.19337e+08
12	1.67747e-06	9	0.0016819	3.79122e+08
12	1.67747e-06	10	0.00226377	3.49868e+08
12	1.67747e-06	11	0.00304693	2.87859e+08
12	1.67747e-06	12	0.00410104	2.32031e+08
12	1.67747e-06	13	0.00551983	1.98371e+08
12	1.67747e-06	14	0.00742947	1.29547e+08
12	1.67747e-06	15	0.00999975	5.04358e+07
12	1.67747e-06	16	0.0134592	3.47354e+07
12	1.67747e-06	17	0.0181156	1.53501e+07
12	1.67747e-06	18	0.0243828	5.46411e+06
12	1.67747e-06	19	0.0328183	1.38119e+06
12	1.67747e-06	20	0.044172	230029
12	1.67747e-06	21	0.0594537	39031.1
12	1.67747e-06	22	0.0800221	5027.12
12	1.67747e-06	23	0.107706	0
12	1.67747e-06	24	0.144968	0
12	1.67747e-06	25	0.195121	0
12	1.67747e-06	26	0.262625	0
12	1.67747e-06	27	0.353483	0
12	1.67747e-06	28	0.475773	0
12	1.67747e-06	29	0.64037	0
12	1.67747e-06	30	0.861911	0
12	1.67747e-06	31	1.1601	0
12	1.67747e-06	32	1.56144	0
12	1.67747e-06	33	2.10164	0
12	1.67747e-06	34	2.82871	0
12	1.67747e-06	35	3.80733	0
12	1.67747e-06	36	5.12451	0
12	1.67747e-06	37	6.89737	0
12	1.67747e-06	38	9.28357	0
12	1.67747e-06	39	12.4953	0
13	2.10197e-06	0	0.000116015	3.93962e+08
13	2.10197e-06	1	0.000156152	3.41978e+08
13	2.10197e-06	2	0.000210174	3.31069e+08
13	2.10197e-06	3	0.000282885	3.28026e+08
13	2.10197e-06	4	0.000380752	3.09018e+08
13	2.10197e-06	5	0.000512476	3.0609e+08
13	2.10197e-06	6	0.000689771	3.01477e+08
13	2.10197e-06	7	0.000928403	2.89893e+08
13	2.10197e-06	8	0.00124959	2.86823e+08
13	2.10197e-06	9	0.0016819	2.67731e+08
13	2.10197e-06	10	0.00226377	2.58761e+08
13	2.10197e-06	11	0.00304693	2.22089e+08
13	2.10197e-06	12	0.00410104	1.86653e+08
13	2.10197e-06	13	0.00551983	1.49002e+08
13	2.10197e-06	14	0.00742947	1.1757e+08
13	2.10197e-06	15	0.00999975	6.1617e+07
13	2.10197e-06	16	0.0134592	2.55492e+07
13	2.10197e-06	17	0.0181156	1.76386e+07
13	2.10197e-06	18	0.0243828	6.14928e+06
13	2.10197e-06	19	0.0328183	1.88849e+06
13	2.10197e-06	20	0.044172	355159
13	2.10197e-06	21	0.0594537	57762.2
13	2.10197e-06	22	0.0800221	8964.78
13	2.10197e-06	23	0.107706	297.906
13	2.10197e-06	24	0.144968	399.334
13	2.10197e-06	25	0.195121	0
13	2.10197e-06	26	0.262625	0
13	2.10197e-06	27	0.353483	0
13	2.10197e-06	28	0.475773	0
13	2.10197e-06	29	0.64037	0
13	2.10197e-06	30	0.861911	0
13	2.10197e-06	31	1.1601	0
13	2.10197e-06	32	1.56144	0
13	2.10197e-06	33	2.10164	0
13	2.10197e-06	34	2.82871	0
13	2.10197e-06	35	3.80733	0
13	2.10197e-06	36	5.12451	0
13	2.10197e-06	37	6.89737	0
13	2.10197e-06	38	9.28357	0
13	2.10197e-06	39	12.4953	0
14	2.6339e-06	0	0.000116015	2.27148e+08
14	2.6339e-06	1	0.000156152	2.23877e+08
14	2.6339e-06	2	0.000210174	2.2046e+08
14	2.6339e-06	3	0.000282885	2.0943e+08
14	2.6339e-06	4	0.000380752	2.08707e+08
14	2.6339e-06	5	0.000512476	1.92371e+08
14	2.6339e-06	6	0.000689771	2.02033e+08
14	2.6339e-06	7	0.000928403	1.95876e+08
14	2.6339e-06	8	0.00124959	1.9252e+08
14	2.6339e-06	9	0.0016819	1.98529e+08
14	2.6339e-06	10	0.00226377	1.89682e+08
14	2.6339e-06	11	0.00304693	1.65556e+08
14	2.6339e-06	12	0.00410104	1.44747e+08
14	2.6339e-06	13	0.00551983	1.19945e+08
14	2.6339e-06	14	0.00742947	8.84587e+07
14	2.6339e-06	15	0.00999975	6.44365e+07
14	2.6339e-06	16	0.0134592	2.79854e+07
14	2.6339e-06	17	0.0181156	1.29755e+07
14	2.6339e-06	18	0.0243828	7.70877e+06
14	2.6339e-06	19	0.0328183	2.14013e+06
14	2.6339e-06	20	0.044172	535200
14	2.6339e-06	21	0.0594537	88928.2
14	2.6339e-06	22	0.0800221	14283.9
14	2.6339e-06	23	0.107706	1423.31
14	2.6339e-06	24	0.144968	146.476
14	2.6339e-06	25	0.195121	43.3338
14	2.6339e-06	26	0.262625	0
14	2.6339e-06	27	0.353483	0
14	2.6339e-06	28	0.475773	0
14	2.6339e-06	29	0.64037	0
14	2.6339e-06	30	0.861911	0
14	2.6339e-06	31	1.1601	0
14	2.6339e-06	32	1.56144	0
14	2.6339e-06	33	2.10164	0
14	2.6339e-06	34	2.82871	0
14	2.6339e-06	35	3.80733	0
14	2.6339e-06	36	5.12451	0
14	2.6339e-06	37	6.89737	0
14	2.6339e-06	38	9.28357	0
14	2.6339e-06	39	12.4953	0
15	3.30044e-06	0	0.000116015	1.39367e+08
15	3.30044e-06	1	0.000156152	1.38722e+08
15	3.30044e-06	2	0.000210174	1.38058e+08
15	3.30044e-06	3	0.000282885	1.32925e+08
15	3.30044e-06	4	0.000380752	1.32653e+08
15	3.30044e-06	5	0.000512476	1.27115e+08
15	3.30044e-06	6	0.000689771	1.27317e+08
15	3.30044e-06	7	0.000928403	1.29233e+08
15	3.30044e-06	8	0.00124959	1.30259e+08
15	3.30044e-06	9	0.0016819	1.29578e+08
15	3.30044e-06	10	0.00226377	1.29367e+08
15	3.30044e-06	11	0.00304693	1.21906e+08
15	3.30044e-06	12	0.00410104	1.0595e+08
15	3.30044e-06	13	0.00551983	9.35446e+07
15	3.30044e-06	14	0.00742947	7.444e+07
15	3.30044e-06	15	0.00999975	5.10466e+07
15	3.30044e-06	16	0.0134592	3.19322e+07
15	3.30044e-06	17	0.0181156	1.2759e+07
15	3.30044e-06	18	0.0243828	6.54483e+06
15	3.30044e-06	19	0.0328183	3.11529e+06
15	3.30044e-06	20	0.044172	1.12548e+06
15	3.30044e-06	21	0.0594537	308017
15	3.30044e-06	22	0.0800221	128358
15	3.30044e-06	23	0.107706	56993.3
15	3.30044e-06	24	0.144968	380.345
15	3.30044e-06	25	0.195121	0
15	3.30044e-06	26	0.262625	0
15	3.30044e-06	27	0.353483	0
15	3.30044e-06	28	0.475773	0
15	3.30044e-06	29	0.64037	0
15	3.30044e-06	30	0.861911	0
15	3.30044e-06	31	1.1601	0
15	3.30044e-06	32	1.56144	0
15	3.30044e-06	33	2.10164	0
15	3.30044e-06	34	2.82871	0
15	3.30044e-06	35	3.80733	0
15	3.30044e-06	36	5.12451	0
15	3.30044e-06	37	6.89737	0
15	3.30044e-06	38	9.28357	0
15	3.30044e-06	39	12.4953	0
16	4.13565e-06	0	0.000116015	9.69206e+07
16	4.13565e-06	1	0.000156152	9.3807e+07
16	4.13565e-06	2	0.000210174	9.12658e+07
16	4.13565e-06	3	0.000282885	9.57614e+07
16	4.13565e-06	4	0.000380752	9.21108e+07
16	4.13565e-06	5	0.000512476	9.11677e+07
16	4.13565e-06	6	0.000689771	8.84268e+07
16	4.13565e-06	7	0.000928403	8.85936e+07
16	4.13565e-06	8	0.00124959	8.89303e+07
16	4.13565e-06	9	0.0016819	9.10185e+07
16	4.13565e-06	10	0.00226377	9.01094e+07
16	4.13565e-06	11	0.00304693	8.42682e+07
16	4.13565e-06	12	0.00410104	7.64882e+07
16	4.13565e-06	13	0.00551983	6.9748e+07
16	4.13565e-06	14	0.00742947	6.03412e+07
16	4.13565e-06	15	0.00999975	4.42445e+07
16	4.13565e-06	16	0.0134592	2.86398e+07
16	4.13565e-06	17	0.0181156	1.55642e+07
16	4.13565e-06	18	0.0243828	5.98128e+06
16	4.13565e-06	19	0.0328183	2.88393e+06
16	4.13565e-06	20	0.044172	1.01572e+06
16	4.13565e-06	21	0.0594537	324632
16	4.13565e-06	22	0.0800221	32036.5
16	4.13565e-06	23	0.107706	4925.45
16	4.13565e-06	24	0.144968	304.539
16	4.13565e-06	25	0.195121	102.934
16	4.13565e-06	26	0.262625	0
16	4.13565e-06	27	0.353483	0
16	4.13565e-06	28	0.475773	0
16	4.13565e-06	29	0.64037	0
16	4.13565e-06	30	0.861911	0
16	4.13565e-06	31	1.1601	0
16	4.13565e-06	32	1.56144	0
16	4.13565e-06	33	2.10164	0
16	4.13565e-06	34	2.82871	0
16	4.13565e-06	35	3.80733	0
16	4.13565e-06	36	5.12451	0
16	4.13565e-06	37	6.89737	0
16	4.13565e-06	38	9.28357	0
16	4.13565e-06	39	12.4953	0
17	5.18223e-06	0	0.000116015	6.41575e+07
17	5.18223e-06	1	0.000156152	6.29382e+07
17	5.18223e-06	2	0.000210174	6.30806e+07
17	5.18223e-06	3	0.000282885	6.52044e+07
17	5.18223e-06	4	0.000380752	6.2495e+07
17	5.18223e-06	5	0.000512476	6.04963e+07
17	5.18223e-06	6	0.000689771	6.0993e+07
17	5.18223e-06	7	0.000928403	5.93749e+07
17	5.18223e-06	8	0.00124959	5.98896e+07
17	5.18223e-06	9	0.0016819	6.36967e+07
17	5.18223e-06	10	0.00226377	6.38428e+07
17	5.18223e-06	11	0.00304693	5.77169e+07
17	5.18223e-06	12	0.00410104	5.36864e+07
17	5.18223e-06	13	0.00551983	4.9518e+07
17	5.18223e-06	14	0.00742947	4.50996e+07
17	5.18223e-06	15	0.00999975	3.72209e+07
17	5.18223e-06	16	0.0134592	2.62222e+07
17	5.18223e-06	17	0.0181156	1.58668e+07
17	5.18223e-06	18	0.0243828	7.24426e+06
17	5.18223e-06	19	0.0328183	2.32206e+06
17	5.18223e-06	20	0.044172	1.06097e+06
17	5.18223e-06	21	0.0594537	231516
17	5.18223e-06	22	0.0800221	44078.6
17	5.18223e-06	23	0.107706	7968.9
17	5.18223e-06	24	0.144968	736.565
17	5.18223e-06	25	0.195121	94.4599
17	5.18223e-06	26	0.262625	0
17	5.18223e-06	27	0.353483	0
17	5.18223e-06	28	0.475773	0
17	5.18223e-06	29	0.64037	0
17	5.18223e-06	30	0.861911	0
17	5.18223e-06	31	1.1601	0
17	5.18223e-06	32	1.56144	0
17	5.18223e-06	33	2.10164	0
17	5.18223e-06	34	2.82871	0
17	5.18223e-06	35	3.80733	0
17	5.18223e-06	36	5.12451	0
17	5.18223e-06	37	6.89737	0
17	5.18223e-06	38	9.28357	0
17	5.18223e-06	39	12.4953	0
18	6.49365e-06	0	0.000116015	4.36152e+07
18	6.49365e-06	1	0.000156152	4.41851e+07
18	6.49365e-06	2	0.000210174	4.62456e+07
18	6.49365e-06	3	0.000282885	4.51302e+07
18	6.49365e-06	4	0.000380752	4.38182e+07
18	6.49365e-06	5	0.000512476	4.23611e+07
18	6.49365e-06	6	0.000689771	4.22597e+07
18	6.49365e-06	7	0.000928403	4.27747e+07
18	6.49365e-06	8	0.00124959	4.20577e+07
18	6.49365e-06	9	0.0016819	4.15666e+07
18	6.49365e-06	10	0.00226377	4.23334e+07
18	6.49365e-06	11	0.00304693	3.93026e+07
18	6.49365e-06	12	0.00410104	3.74579e+07
18	6.49365e-06	13	0.00551983	3.56004e+07
18	6.49365e-06	14	0.00742947	3.25811e+07
18	6.49365e-06	15	0.00999975	2.86426e+07
18	6.49365e-06	16	0.0134592	2.24829e+07
18	6.49365e-06	17	0.0181156	1.45492e+07
18	6.49365e-06	18	0.0243828	8.26403e+06
18	6.49365e-06	19	0.0328183	2.90948e+06
18	6.49365e-06	20	0.044172	865584
18	6.49365e-06	21	0.0594537	302102
18	6.49365e-06	22	0.0800221	62351
18	6.49365e-06	23	0.107706	12402.6
18	6.49365e-06	24	0.144968	1945.71
18	6.49365e-06	25	0.195121	155.357
18	6.49365e-06	26	0.262625	47.8957
18	6.49365e-06	27	0.353483	0
18	6.49365e-06	28	0.475773	0
18	6.49365e-06	29	0.64037	0
18	6.49365e-06	30	0.861911	0
18	6.49365e-06	31	1.1601	0
18	6.49365e-06	32	1.56144	0
18	6.49365e-06	33	2.10164	0
18	6.49365e-06	34	2.82871	0
18	6.49365e-06	35	3.80733	0
18	6.49365e-06	36	5.12451	0
18	6.49365e-06	37	6.89737	0
18	6.49365e-06	38	9.28357	0
18	6.49365e-06	39	12.4953	0
19	8.13694e-06	0	0.000116015	3.07624e+07
19	8.13694e-06	1	0.000156152	2.87424e+07
19	8.13694e-06	2	0.000210174	2.88492e+07
19	8.13694e-06	3	0.000282885	2.92367e+07
19	8.13694e-06	4	0.000380752	2.96777e+07
19	8.13694e-06	5	0.000512476	2.92801e+07
19	8.13694e-06	6	0.000689771	2.89463e+07
19	8.13694e-06	7	0.000928403	2.91039e+07
19	8.13694e-06	8	0.00124959	2.9053e+07
19	8.13694e-06	9	0.0016819	3.19765e+07
19	8.13694e-06	10	0.00226377	3.13728e+07
19	8.13694e-06	11	0.00304693	2.74684e+07
19	8.13694e-06	12	0.00410104	2.54297e+07
19	8.13694e-06	13	0.00551983	2.40098e+07
19	8.13694e-06	14	0.00742947	2.22573e+07
19	8.13694e-06	15	0.00999975	2.01873e+07
19	8.13694e-06	16	0.0134592	1.77546e+07
19	8.13694e-06	17	0.0181156	1.35479e+07
19	8.13694e-06	18	0.0243828	8.17344e+06
19	8.13694e-06	19	0.0328183	3.71397e+06
19	8.13694e-06	20	0.044172	1.06503e+06
19	8.13694e-06	21	0.0594537	282264
19	8.13694e-06	22	0.0800221	84904
19	8.13694e-06	23	0.107706	15628.7
19	8.13694e-06	24	0.144968	3449.71
19	8.13694e-06	25	0.195121	455.558
19	8.13694e-06	26	0.262625	85.2736
19	8.13694e-06	27	0.353483	16.1854
19	8.13694e-06	28	0.475773	0
19	8.13694e-06	29	0.64037	0
19	8.13694e-06	30	0.861911	0
19	8.13694e-06	31	1.1601	0
19	8.13694e-06	32	1.56144	0
19	8.13694e-06	33	2.10164	0
19	8.13694e-06	34	2.82871	0
19	8.13694e-06	35	3.80733	0
19	8.13694e-06	36	5.12451	0
19	8.13694e-06	37	6.89737	0
19	8.13694e-06	38	9.28357	0
19	8.13694e-06	39	12.4953	0
20	1.01961e-05	0	0.000116015	2.19663e+07
20	1.01961e-05	1	0.000156152	2.14e+07
20	1.01961e-05	2	0.000210174	2.09622e+07
20	1.01961e-05	3	0.000282885	2.17407e+07
20	1.01961e-05	4	0.000380752	2.14175e+07
20	1.01961e-05	5	0.000512476	2.21126e+07
20	1.01961e-05	6	0.000689771	2.28114e+07
20	1.01961e-05	7	0.000928403	2.29817e+07
20	1.01961e-05	8	0.00124959	2.34886e+07
20	1.01961e-05	9	0.0016819	2.24029e+07
20	1.01961e-05	10	0.00226377	2.02245e+07
20	1.01961e-05	11	0.00304693	1.85964e+07
20	1.01961e-05	12	0.00410104	1.76172e+07
20	1.01961e-05	13	0.00551983	1.67609e+07
20	1.01961e-05	14	0.00742947	1.55927e+07
20	1.01961e-05	15	0.00999975	1.40828e+07
20	1.01961e-05	16	0.0134592	1.26905e+07
20	1.01961e-05	17	0.0181156	1.12009e+07
20	1.01961e-05	18	0.0243828	7.85322e+06
20	1.01961e-05	19	0.0328183	4.03055e+06
20	1.01961e-05	20	0.044172	1.45265e+06
20	1.01961e-05	21	0.0594537	328847
20	1.01961e-05	22	0.0800221	81400.4
20	1.01961e-05	23	0.107706	22662.2
20	1.01961e-05	24	0.144968	4275.07
20	1.01961e-05	25	0.195121	787.302
20	1.01961e-05	26	0.262625	50.9138
20	1.01961e-05	27	0.353483	8.85075
20	1.01961e-05	28	0.475773	1.87692
20	1.01961e-05	29	0.64037	0
20	1.01961e-05	30	0.861911	0
20	1.01961e-05	31	1.1601	0
20	1.01961e-05	32	1.56144	0
20	1.01961e-05	33	2.10164	0
20	1.01961e-05	34	2.82871	0
20	1.01961e-05	35	3.80733	0
20	1.01961e-05	36	5.12451	0
20	1.01961e-05	37	6.89737	0
20	1.01961e-05	38	9.28357	0
20	1.01961e-05	39	12.4953	0
21	1.27763e-05	0	0.000116015	1.8548e+07
21	1.27763e-05	1	0.000156152	1.89915e+07
21	1.27763e-05	2	0.000210174	1.87341e+07
21	1.27763e-05	3	0.000282885	1.8498e+07
21	1.27763e-05	4	0.000380752	1.79424e+07
21	1.27763e-05	5	0.000512476	1.83182e+07
21	1.27763e-05	6	0.000689771	1.84878e+07
21	1.27763e-05	7	0.000928403	1.93858e+07
21	1.27763e-05	8	0.00124959	2.02268e+07
21	1.27763e-05	9	0.0016819	1.70575e+07
21	1.27763e-05	10	0.00226377	1.49071e+07
21	1.27763e-05	11	0.00304693	1.32543e+07
21	1.27763e-05	12	0.00410104	1.20635e+07
21	1.27763e-05	13	0.00551983	1.13605e+07
21	1.27763e-05	14	0.00742947	1.07251e+07
21	1.27763e-05	15	0.00999975	9.94559e+06
21	1.27763e-05	16	0.0134592	8.83837e+06
21	1.27763e-05	17	0.0181156	7.89613e+06
21	1.27763e-05	18	0.0243828	6.76905e+06
21	1.27763e-05	19	0.0328183	4.15891e+06
21	1.27763e-05	20	0.044172	1.7666e+06
21	1.27763e-05	21	0.0594537	466019
21	1.27763e-05	22	0.0800221	90706.7
21	1.27763e-05	23	0.107706	25069.6
21	1.27763e-05	24	0.144968	5957.53
21	1.27763e-05	25	0.195121	1138.74
21	1.27763e-05	26	0.262625	154.188
21	1.27763e-05	27	0.353483	14.8801
21	1.27763e-05	28	0.475773	2.02911
21	1.27763e-05	29	0.64037	0
21	1.27763e-05	30	0.861911	0
21	1.27763e-05	31	1.1601	0
21	1.27763e-05	32	1.56144	0
21	1.27763e-05	33	2.10164	0
21	1.27763e-05	34	2.82871	0
21	1.27763e-05	35	3.80733	0
21	1.27763e-05	36	5.12451	0
21	1.27763e-05	37	6.89737	0
21	1.27763e-05	38	9.28357	0
21	1.27763e-05	39	12.4953	0
22	1.60095e-05	0	0.000116015	1.04213e+07
22	1.60095e-05	1	0.000156152	1.0959e+07
22	1.60095e-05	2	0.000210174	1.06154e+07
22	1.60095e-05	3	0.000282885	1.06443e+07
22	1.60095e-05	4	0.000380752	1.11502e+07
22	1.60095e-05	5	0.000512476	1.13379e+07
22	1.60095e-05	6	0.000689771	1.13984e+07
22	1.60095e-05	7	0.000928403	1.14099e+07
22	1.60095e-05	8	0.00124959	1.13963e+07
22	1.60095e-05	9	0.0016819	1.0946e+07
22	1.60095e-05	10	0.00226377	1.01484e+07
22	1.60095e-05	11	0.00304693	9.12182e+06
22	1.60095e-05	12	0.00410104	8.05791e+06
22	1.60095e-05	13	0.00551983	7.76035e+06
22	1.60095e-05	14	0.00742947	7.46097e+06
22	1.60095e-05	15	0.00999975	7.04777e+06
22	1.60095e-05	16	0.0134592	6.48115e+06
22	1.60095e-05	17	0.0181156	5.83507e+06
22	1.60095e-05	18	0.0243828	5.22344e+06
22	1.60095e-05	19	0.0328183	4.11358e+06
22	1.60095e-05	20	0.044172	2.11883e+06
22	1.60095e-05	21	0.0594537	667078
22	1.60095e-05	22	0.0800221	141894
22	1.60095e-05	23	0.107706	28399.5
22	1.60095e-05	24	0.144968	8986.98
22	1.60095e-05	25	0.195121	1627.83
22	1.60095e-05	26	0.262625	294.973
22	1.60095e-05	27	0.353483	40.2294
22	1.60095e-05	28	0.475773	5.39348
22	1.60095e-05	29	0.64037	0
22	1.60095e-05	30	0.861911	0.59479
22	1.60095e-05	31	1.1601	0
22	1.60095e-05	32	1.56144	0
22	1.60095e-05	33	2.10164	0
22	1.60095e-05	34	2.82871	0
22	1.60095e-05	35	3.80733	0
22	1.60095e-05	36	5.12451	0
22	1.60095e-05	37	6.89737	0
22	1.60095e-05	38	9.28357	0
22	1.60095e-05	39	12.4953	0
23	2.00609e-05	0	0.000116015	9.50671e+06
23	2.00609e-05	1	0.000156152	8.89905e+06
23	2.00609e-05	2	0.000210174	9.12627e+06
23	2.00609e-05	3	0.000282885	8.86254e+06
23	2.00609e-05	4	0.000380752	8.75029e+06
23	2.00609e-05	5	0.000512476	9.25377e+06
23	2.00609e-05	6	0.000689771	9.54279e+06
23	2.00609e-05	7	0.000928403	9.70576e+06
23	2.00609e-05	8	0.00124959	9.39239e+06
23	2.00609e-05	9	0.0016819	7.34617e+06
23	2.00609e-05	10	0.00226377	6.52361e+06
23	2.00609e-05	11	0.00304693	6.0064e+06
23	2.00609e-05	12	0.00410104	5.77674e+06
23	2.00609e-05	13	0.00551983	5.54419e+06
23	2.00609e-05	14	0.00742947	5.31719e+06
23	2.00609e-05	15	0.00999975	5.11827e+06
23	2.00609e-05	16	0.0134592	4.8355e+06
23	2.00609e-05	17	0.0181156	4.26485e+06
23	2.00609e-05	18	0.0243828	3.67234e+06
23	2.00609e-05	19	0.0328183	3.08398e+06
23	2.00609e-05	20	0.044172	2.16243e+06
23	2.00609e-05	21	0.0594537	903899
23	2.00609e-05	22	0.0800221	223478
23	2.00609e-05	23	0.107706	40850.1
23	2.00609e-05	24	0.144968	9590.37
23	2.00609e-05	25	0.195121	2768.41
23	2.00609e-05	26	0.262625	412.037
23	2.00609e-05	27	0.353483	91.8063
23	2.00609e-05	28	0.475773	9.64162
23	2.00609e-05	29	0.64037	0
23	2.00609e-05	30	0.861911	0.49865
23	2.00609e-05	31	1.1601	0
23	2.00609e-05	32	1.56144	0
23	2.00609e-05	33	2.10164	0
23	2.00609e-05	34	2.82871	0
23	2.00609e-05	35	3.80733	0
23	2.00609e-05	36	5.12451	0
23	2.00609e-05	37	6.89737	0
23	2.00609e-05	38	9.28357	0
23	2.00609e-05	39	12.4953	0
24	2.51375e-05	0	0.000116015	6.97783e+06
24	2.51375e-05	1	0.000156152	6.62871e+06
24	2.51375e-05	2	0.000210174	6.93501e+06
24	2.51375e-05	3	0.000282885	7.14876e+06
24	2.51375e-05	4	0.000380752	6.58194e+06
24	2.51375e-05	5	0.000512476	6.5911e+06
24	2.51375e-05	6	0.000689771	5.95817e+06
24	2.51375e-05	7	0.000928403	5.38821e+06
24	2.51375e-05	8	0.00124959	5.43881e+06
24	2.51375e-05	9	0.0016819	5.38504e+06
24	2.51375e-05	10	0.00226377	5.18992e+06
24	2.51375e-05	11	0.00304693	4.76561e+06
24	2.51375e-05	12	0.00410104	4.5868e+06
24	2.51375e-05	13	0.00551983	4.22198e+06
24	2.51375e-05	14	0.00742947	4.0155e+06
24	2.51375e-05	15	0.00999975	3.8325e+06
24	2.51375e-05	16	0.0134592	3.57329e+06
24	2.51375e-05	17	0.0181156	3.18795e+06
24	2.51375e-05	18	0.0243828	2.69805e+06
24	2.51375e-05	19	0.0328183	2.15481e+06
24	2.51375e-05	20	0.044172	1.72067e+06
24	2.51375e-05	21	0.0594537	1.02183e+06
24	2.51375e-05	22	0.0800221	339091
24	2.51375e-05	23	0.107706	74084.6
24	2.51375e-05	24	0.144968	14547.1
24	2.51375e-05	25	0.195121	3766.29
24	2.51375e-05	26	0.262625	993.006
24	2.51375e-05	27	0.353483	132.847
24	2.51375e-05	28	0.475773	30.6926
24	2.51375e-05	29	0.64037	5.17572
24	2.51375e-05	30	0.861911	0.95857
24	2.51375e-05	31	1.1601	0
24	2.51375e-05	32	1.56144	0
24	2.51375e-05	33	2.10164	0
24	2.51375e-05	34	2.82871	0
24	2.51375e-05	35	3.80733	0
24	2.51375e-05	36	5.12451	0
24	2.51375e-05	37	6.89737	0
24	2.51375e-05	38	9.28357	0
24	2.51375e-05	39	12.4953	0
25	3.14989e-05	0	0.000116015	3.52391e+06
25	3.14989e-05	1	0.000156152	3.22399e+06
25	3.14989e-05	2	0.000210174	3.35447e+06
25	3.14989e-05	3	0.000282885	3.28844e+06
25	3.14989e-05	4	0.000380752	3.32685e+06
25	3.14989e-05	5	0.000512476	3.33426e+06
25	3.14989e-05	6	0.000689771	3.41289e+06
25	3.14989e-05	7	0.000928403	3.28999e+06
25	3.14989e-05	8	0.00124959	3.34317e+06
25	3.14989e-05	9	0.0016819	3.40299e+06
25	3.14989e-05	10	0.00226377	3.25497e+06
25	3.14989e-05	11	0.00304693	3.16032e+06
25	3.14989e-05	12	0.00410104	3.09036e+06
25	3.14989e-05	13	0.00551983	2.98463e+06
25	3.14989e-05	14	0.00742947	2.90375e+06
25	3.14989e-05	15	0.00999975	2.78792e+06
25	3.14989e-05	16	0.0134592	2.67444e+06
25	3.14989e-05	17	0.0181156	2.41436e+06
25	3.14989e-05	18	0.0243828	2.0326e+06
25	3.14989e-05	19	0.0328183	1.58559e+06
25	3.14989e-05	20	0.044172	1.27774e+06
25	3.14989e-05	21	0.0594537	970961
25	3.14989e-05	22	0.0800221	478161
25	3.14989e-05	23	0.107706	135694
25	3.14989e-05	24	0.144968	30472.7
25	3.14989e-05	25	0.195121	5855.36
25	3.14989e-05	26	0.262625	1605.96
25	3.14989e-05	27	0.353483	307.01
25	3.14989e-05	28	0.475773	55.7062
25	3.14989e-05	29	0.64037	11.3848
25	3.14989e-05	30	0.861911	0
25	3.14989e-05	31	1.1601	0
25	3.14989e-05	32	1.56144	0
25	3.14989e-05	33	2.10164	0
25	3.14989e-05	34	2.82871	0
25	3.14989e-05	35	3.80733	0
25	3.14989e-05	36	5.12451	0
25	3.14989e-05	37	6.89737	0
25	3.14989e-05	38	9.28357	0
25	3.14989e-05	39	12.4953	0
26	3.947e-05	0	0.000116015	2.02194e+06
26	3.947e-05	1	0.000156152	2.11925e+06
26	3.947e-05	2	0.000210174	1.97312e+06
26	3.947e-05	3	0.000282885	2.04073e+06
26	3.947e-05	4	0.000380752	2.03752e+06
26	3.947e-05	5	0.000512476	1.99296e+06
26	3.947e-05	6	0.000689771	2.10156e+06
26	3.947e-05	7	0.000928403	2.03118e+06
26	3.947e-05	8	0.00124959	1.9456e+06
26	3.947e-05	9	0.0016819	1.99903e+06
26	3.947e-05	10	0.00226377	2.02799e+06
26	3.947e-05	11	0.00304693	2.02487e+06
26	3.947e-05	12	0.00410104	2.02941e+06
26	3.947e-05	13	0.00551983	1.98521e+06
26	3.947e-05	14	0.00742947	1.94193e+06
26	3.947e-05	15	0.00999975	1.93275e+06
26	3.947e-05	16	0.0134592	1.82712e+06
26	3.947e-05	17	0.0181156	1.68684e+06
26	3.947e-05	18	0.0243828	1.46935e+06
26	3.947e-05	19	0.0328183	1.16162e+06
26	3.947e-05	20	0.044172	926508
26	3.947e-05	21	0.0594537	792763
26	3.947e-05	22	0.0800221	566795
26	3.947e-05	23	0.107706	227134
26	3.947e-05	24	0.144968	62542
26	3.947e-05	25	0.195121	13233.9
26	3.947e-05	26	0.262625	2421.65
26	3.947e-05	27	0.353483	591.432
26	3.947e-05	28	0.475773	121.304
26	3.947e-05	29	0.64037	22.9191
26	3.947e-05	30	0.861911	2.10064
26	3.947e-05	31	1.1601	0
26	3.947e-05	32	1.56144	0
26	3.947e-05	33	2.10164	0
26	3.947e-05	34	2.82871	0
26	3.947e-05	35	3.80733	0
26	3.947e-05	36	5.12451	0
26	3.947e-05	37	6.89737	0
26	3.947e-05	38	9.28357	0
26	3.947e-05	39	12.4953	0
27	4.94584e-05	0	0.000116015	1.19623e+06
27	4.94584e-05	1	0.000156152	1.27103e+06
27	4.94584e-05	2	0.000210174	1.17689e+06
27	4.94584e-05	3	0.000282885	1.27995e+06
27	4.94584e-05	4	0.000380752	1.08876e+06
27	4.94584e-05	5	0.000512476	1.23473e+06
27	4.94584e-05	6	0.000689771	1.23815e+06
27	4.94584e-05	7	0.000928403	1.23669e+06
27	4.94584e-05	8	0.00124959	1.23541e+06
27	4.94584e-05	9	0.0016819	1.21599e+06
27	4.94584e-05	10	0.00226377	1.203e+06
27	4.94584e-05	11	0.00304693	1.2371e+06
27	4.94584e-05	12	0.00410104	1.18861e+06
27	4.94584e-05	13	0.00551983	1.23238e+06
27	4.94584e-05	14	0.00742947	1.21674e+06
27	4.94584e-05	15	0.00999975	1.21316e+06
27	4.94584e-05	16	0.0134592	1.18101e+06
27	4.94584e-05	17	0.0181156	1.11692e+06
27	4.94584e-05	18	0.0243828	1.0411e+06
27	4.94584e-05	19	0.0328183	894395
27	4.94584e-05	20	0.044172	742813
27	4.94584e-05	21	0.0594537	594627
27	4.94584e-05	22	0.0800221	482985
27	4.94584e-05	23	0.107706	291141
27	4.94584e-05	24	0.144968	112821
27	4.94584e-05	25	0.195121	28760.5
27	4.94584e-05	26	0.262625	5750.67
27	4.94584e-05	27	0.353483	920.334
27	4.94584e-05	28	0.475773	243.857
27	4.94584e-05	29	0.64037	49.8579
27	4.94584e-05	30	0.861911	10.111
27	4.94584e-05	31	1.1601	1.07831
27	4.94584e-05	32	1.56144	0
27	4.94584e-05	33	2.10164	0
27	4.94584e-05	34	2.82871	0
27	4.94584e-05	35	3.80733	0
27	4.94584e-05	36	5.12451	0
27	4.94584e-05	37	6.89737	0
27	4.94584e-05	38	9.28357	0
27	4.94584e-05	39	12.4953	0
28	6.19744e-05	0	0.000116015	881997
28	6.19744e-05	1	0.000156152	845091
28	6.19744e-05	2	0.000210174	811628
28	6.19744e-05	3	0.000282885	750141
28	6.19744e-05	4	0.000380752	915582
28	6.19744e-05	5	0.000512476	804885
28	6.19744e-05	6	0.000689771	875063
28	6.19744e-05	7	0.000928403	920164
28	6.19744e-05	8	0.00124959	870257
28	6.19744e-05	9	0.0016819	835300
28	6.19744e-05	10	0.00226377	840813
28	6.19744e-05	11	0.00304693	884519
28	6.19744e-05	12	0.00410104	819162
28	6.19744e-05	13	0.00551983	840664
28	6.19744e-05	14	0.00742947	839476
28	6.19744e-05	15	0.00999975	857511
28	6.19744e-05	16	0.0134592	809971
28	6.19744e-05	17	0.0181156	778270
28	6.19744e-05	18	0.0243828	737556
28	6.19744e-05	19	0.0328183	674345
28	6.19744e-05	20	0.044172	577742
28	6.19744e-05	21	0.0594537	435689
28	6.19744e-05	22	0.0800221	318702
28	6.19744e-05	23	0.107706	241875
28	6.19744e-05	24	0.144968	152018
28	6.19744e-05	25	0.195121	60687.3
28	6.19744e-05	26	0.262625	13883.7
28	6.19744e-05	27	0.353483	2005.26
28	6.19744e-05	28	0.475773	434.635
28	6.19744e-05	29	0.64037	91.6367
28	6.19744e-05	30	0.861911	22.8288
28	6.19744e-05	31	1.1601	2.4909
28	6.19744e-05	32	1.56144	0
28	6.19744e-05	33	2.10164	0
28	6.19744e-05	34	2.82871	0
28	6.19744e-05	35	3.80733	0
28	6.19744e-05	36	5.12451	0
28	6.19744e-05	37	6.89737	0
28	6.19744e-05	38	9.28357	0
28	6.19744e-05	39	12.4953	0
29	7.76577e-05	0	0.000116015	666438
29	7.76577e-05	1	0.000156152	416017
29	7.76577e-05	2	0.000210174	503572
29	7.76577e-05	3	0.000282885	549531
29	7.76577e-05	4	0.000380752	594706
29	7.76577e-05	5	0.000512476	471217
29	7.76577e-05	6	0.000689771	517182
29	7.76577e-05	7	0.000928403	563960
29	7.76577e-05	8	0.00124959	522997
29	7.76577e-05	9	0.0016819	493828
29	7.76577e-05	10	0.00226377	522545
29	7.76577e-05	11	0.00304693	542103
29	7.76577e-05	12	0.00410104	542856
29	7.76577e-05	13	0.00551983	508962
29	7.76577e-05	14	0.00742947	512196
29	7.76577e-05	15	0.00999975	503869
29	7.76577e-05	16	0.0134592	518657
29	7.76577e-05	17	0.0181156	492739
29	7.76577e-05	18	0.0243828	479585
29	7.76577e-05	19	0.0328183	449457
29	7.76577e-05	20	0.044172	382093
29	7.76577e-05	21	0.0594537	316314
29	7.76577e-05	22	0.0800221	248453
29	7.76577e-05	23	0.107706	202964
29	7.76577e-05	24	0.144968	162682
29	7.76577e-05	25	0.195121	90355.5
29	7.76577e-05	26	0.262625	29282.7
29	7.76577e-05	27	0.353483	5217.94
29	7.76577e-05	28	0.475773	770.306
29	7.76577e-05	29	0.64037	190.441
29	7.76577e-05	30	0.861911	46.8061
29	7.76577e-05	31	1.1601	6.88467
29	7.76577e-05	32	1.56144	1.43932
29	7.76577e-05	33	2.10164	0
29	7.76577e-05	34	2.82871	0
29	7.76577e-05	35	3.80733	0
29	7.76577e-05	36	5.12451	0
29	7.76577e-05	37	6.89737	0
29	7.76577e-05	38	9.28357	0
29	7.76577e-05	39	12.4953	0
30	9.73099e-05	0	0.000116015	329605
30	9.73099e-05	1	0.000156152	305890
30	9.73099e-05	2	0.000210174	245801
30	9.73099e-05	3	0.000282885	317296
30	9.73099e-05	4	0.000380752	276192
30	9.73099e-05	5	0.000512476	290598
30	9.73099e-05	6	0.000689771	310501
30	9.73099e-05	7	0.000928403	294619
30	9.73099e-05	8	0.00124959	301347
30	9.73099e-05	9	0.0016819	319309
30	9.73099e-05	10	0.00226377	303893
30	9.73099e-05	11	0.00304693	299189
30	9.73099e-05	12	0.00410104	294450
30	9.73099e-05	13	0.00551983	306466
30	9.73099e-05	14	0.00742947	311374
30	9.73099e-05	15	0.00999975	308105
30	9.73099e-05	16	0.0134592	297696
30	9.73099e-05	17	0.0181156	295296
30	9.73099e-05	18	0.0243828	290981
30	9.73099e-05	19	0.0328183	276240
30	9.73099e-05	20	0.044172	255865
30	9.73099e-05	21	0.0594537	222063
30	9.73099e-05	22	0.0800221	189683
30	9.73099e-05	23	0.107706	160604
30	9.73099e-05	24	0.144968	139466
30	9.73099e-05	25	0.195121	106234
30	9.73099e-05	26	0.262625	47468
30	9.73099e-05	27	0.353483	10853
30	9.73099e-05	28	0.475773	1525.04
30	9.73099e-05	29	0.64037	210.38
30	9.73099e-05	30	0.861911	59.6375
30	9.73099e-05	31	1.1601	2.90858
30	9.73099e-05	32	1.56144	0
30	9.73099e-05	33	2.10164	0
30	9.73099e-05	34	2.82871	0
30	9.73099e-05	35	3.80733	0
30	9.73099e-05	36	5.12451	0
30	9.73099e-05	37	6.89737	0
30	9.73099e-05	38	9.28357	0
30	9.73099e-05	39	12.4953	0
31	0.000121935	0	0.000116015	211494
31	0.000121935	1	0.000156152	242468
31	0.000121935	2	0.000210174	275359
31	0.000121935	3	0.000282885	173151
31	0.000121935	4	0.000380752	187212
31	0.000121935	5	0.000512476	165037
31	0.000121935	6	0.000689771	213309
31	0.000121935	7	0.000928403	175152
31	0.000121935	8	0.00124959	176398
31	0.000121935	9	0.0016819	202358
31	0.000121935	10	0.00226377	202837
31	0.000121935	11	0.00304693	198812
31	0.000121935	12	0.00410104	199405
31	0.000121935	13	0.00551983	190821
31	0.000121935	14	0.00742947	192822
31	0.000121935	15	0.00999975	180079
31	0.000121935	16	0.0134592	189925
31	0.000121935	17	0.0181156	193228
31	0.000121935	18	0.0243828	179283
31	0.000121935	19	0.0328183	185664
31	0.000121935	20	0.044172	173076
31	0.000121935	21	0.0594537	166038
31	0.000121935	22	0.0800221	147108
31	0.000121935	23	0.107706	122030
31	0.000121935	24	0.144968	101088
31	0.000121935	25	0.195121	85693.8
31	0.000121935	26	0.262625	58564.2
31	0.000121935	27	0.353483	18578.1
31	0.000121935	28	0.475773	3553.52
31	0.000121935	29	0.64037	393.003
31	0.000121935	30	0.861911	51.9218
31	0.000121935	31	1.1601	14.7747
31	0.000121935	32	1.56144	3.10318
31	0.000121935	33	2.10164	0.573355
31	0.000121935	34	2.82871	0.699125
31	0.000121935	35	3.80733	0
31	0.000121935	36	5.12451	0
31	0.000121935	37	6.89737	0
31	0.000121935	38	9.28357	0
31	0.000121935	39	12.4953	0
32	0.000152792	0	0.000116015	194185
32	0.000152792	1	0.000156152	179764
32	0.000152792	2	0.000210174	133531
32	0.000152792	3	0.000282885	158803
32	0.000152792	4	0.000380752	125369
32	0.000152792	5	0.000512476	197910
32	0.000152792	6	0.000689771	146705
32	0.000152792	7	0.000928403	169534
32	0.000152792	8	0.00124959	164179
32	0.000152792	9	0.0016819	155547
32	0.000152792	10	0.00226377	130520
32	0.000152792	11	0.00304693	157825
32	0.000152792	12	0.00410104	144610
32	0.000152792	13	0.00551983	169039
32	0.000152792	14	0.00742947	136913
32	0.000152792	15	0.00999975	148098
32	0.000152792	16	0.0134592	144295
32	0.000152792	17	0.0181156	144324
32	0.000152792	18	0.0243828	146470
32	0.000152792	19	0.0328183	138762
32	0.000152792	20	0.044172	136117
32	0.000152792	21	0.0594537	129429
32	0.000152792	22	0.0800221	114338
32	0.000152792	23	0.107706	103082
32	0.000152792	24	0.144968	77895
32	0.000152792	25	0.195121	58046.1
32	0.000152792	26	0.262625	44257.6
32	0.000152792	27	0.353483	18903.9
32	0.000152792	28	0.475773	6100.98
32	0.000152792	29	0.64037	1029.94
32	0.000152792	30	0.861911	154.906
32	0.000152792	31	1.1601	6.9195
32	0.000152792	32	1.56144	8.96099
32	0.000152792	33	2.10164	1.37583
32	0.000152792	34	2.82871	0
32	0.000152792	35	3.80733	0
32	0.000152792	36	5.12451	0
32	0.000152792	37	6.89737	0
32	0.000152792	38	9.28357	0
32	0.000152792	39	12.4953	0
33	0.000191458	0	0.000116015	38409.7
33	0.000191458	1	0.000156152	113513
33	0.000191458	2	0.000210174	84252
33	0.000191458	3	0.000282885	110143
33	0.000191458	4	0.000380752	127941
33	0.000191458	5	0.000512476	95269
33	0.000191458	6	0.000689771	84827.6
33	0.000191458	7	0.000928403	86134.2
33	0.000191458	8	0.00124959	116947
33	0.000191458	9	0.0016819	113489
33	0.000191458	10	0.00226377	123289
33	0.000191458	11	0.00304693	109212
33	0.000191458	12	0.00410104	94323.8
33	0.000191458	13	0.00551983	125448
33	0.000191458	14	0.00742947	99580.2
33	0.000191458	15	0.00999975	106957
33	0.000191458	16	0.0134592	111059
33	0.000191458	17	0.0181156	101912
33	0.000191458	18	0.0243828	109560
33	0.000191458	19	0.0328183	100550
33	0.000191458	20	0.044172	98465.1
33	0.000191458	21	0.0594537	97147.9
33	0.000191458	22	0.0800221	82738
33	0.000191458	23	0.107706	68947.2
33	0.000191458	24	0.144968	49800.5
33	0.000191458	25	0.195121	41649.7
33	0.000191458	26	0.262625	34069.8
33	0.000191458	27	0.353483	20700.3
33	0.000191458	28	0.475773	11632
33	0.000191458	29	0.64037	3417.56
33	0.000191458	30	0.861911	516.468
33	0.000191458	31	1.1601	7.68358
33	0.000191458	32	1.56144	22.3343
33	0.000191458	33	2.10164	10.4192
33	0.000191458	34	2.82871	0
33	0.000191458	35	3.80733	1.188
33	0.000191458	36	5.12451	0
33	0.000191458	37	6.89737	0
33	0.000191458	38	9.28357	0
33	0.000191458	39	12.4953	0
34	0.000239909	0	0.000116015	70564.4
34	0.000239909	1	0.000156152	52416.7
34	0.000239909	2	0.000210174	77918
34	0.000239909	3	0.000282885	115758
34	0.000239909	4	0.000380752	21501
34	0.000239909	5	0.000512476	95937.8
34	0.000239909	6	0.000689771	95016.3
34	0.000239909	7	0.000928403	35275.6
34	0.000239909	8	0.00124959	72117.8
34	0.000239909	9	0.0016819	58444.1
34	0.000239909	10	0.00226377	94509.4
34	0.000239909	11	0.00304693	53960.8
34	0.000239909	12	0.00410104	90019.3
34	0.000239909	13	0.00551983	65452.4
34	0.000239909	14	0.00742947	78435.8
34	0.000239909	15	0.00999975	59014.8
34	0.000239909	16	0.0134592	69505.1
34	0.000239909	17	0.0181156	79798.8
34	0.000239909	18	0.0243828	68499.2
34	0.000239909	19	0.0328183	70753.6
34	0.000239909	20	0.044172	72506.2
34	0.000239909	21	0.0594537	64709.3
34	0.000239909	22	0.0800221	61146.6
34	0.000239909	23	0.107706	58452.8
34	0.000239909	24	0.144968	49428.7
34	0.000239909	25	0.195121	37223.7
34	0.000239909	26	0.262625	30422.4
34	0.000239909	27	0.353483	18952
34	0.000239909	28	0.475773	7986.14
34	0.000239909	29	0.64037	1431.82
34	0.000239909	30	0.861911	630.837
34	0.000239909	31	1.1601	79.6149
34	0.000239909	32	1.56144	15.8148
34	0.000239909	33	2.10164	7.82117
34	0.000239909	34	2.82871	0
34	0.000239909	35	3.80733	2.25507
34	0.000239909	36	5.12451	1.50979
34	0.000239909	37	6.89737	0
34	0.000239909	38	9.28357	0
34	0.000239909	39	12.4953	0
35	0.000300621	0	0.000116015	0
35	0.000300621	1	0.000156152	0
35	0.000300621	2	0.000210174	240618
35	0.000300621	3	0.000282885	59587
35	0.000300621	4	0.000380752	0
35	0.000300621	5	0.000512476	131570
35	0.000300621	6	0.000689771	48875
35	0.000300621	7	0.000928403	36320.7
35	0.000300621	8	0.00124959	53960.4
35	0.000300621	9	0.0016819	70220
35	0.000300621	10	0.00226377	52247.5
35	0.000300621	11	0.00304693	27796.2
35	0.000300621	12	0.00410104	57638.1
35	0.000300621	13	0.00551983	42823.1
35	0.000300621	14	0.00742947	61611.1
35	0.000300621	15	0.00999975	47293.6
35	0.000300621	16	0.0134592	53972.8
35	0.000300621	17	0.0181156	64532.6
35	0.000300621	18	0.0243828	56270.8
35	0.000300621	19	0.0328183	56162.2
35	0.000300621	20	0.044172	55970.3
35	0.000300621	21	0.0594537	46641.4
35	0.000300621	22	0.0800221	48151.6
35	0.000300621	23	0.107706	45583.2
35	0.000300621	24	0.144968	42356
35	0.000300621	25	0.195121	34700.7
35	0.000300621	26	0.262625	24726.3
35	0.000300621	27	0.353483	8577.35
35	0.000300621	28	0.475773	4549.89
35	0.000300621	29	0.64037	3871.84
35	0.000300621	30	0.861911	981.083
35	0.000300621	31	1.1601	72.9461
35	0.000300621	32	1.56144	43.4224
35	0.000300621	33	2.10164	64.3348
35	0.000300621	34	2.82871	5.91996
35	0.000300621	35	3.80733	0
35	0.000300621	36	5.12451	0
35	0.000300621	37	6.89737	0
35	0.000300621	38	9.28357	0
35	0.000300621	39	12.4953	0
36	0.000376696	0	0.000116015	0
36	0.000376696	1	0.000156152	0
36	0.000376696	2	0.000210174	0
36	0.000376696	3	0.000282885	108967
36	0.000376696	4	0.000380752	83516.7
36	0.000376696	5	0.000512476	124917
36	0.000376696	6	0.000689771	89409.8
36	0.000376696	7	0.000928403	34203
36	0.000376696	8	0.00124959	74478.1
36	0.000376696	9	0.0016819	18325.8
36	0.000376696	10	0.00226377	13619.8
36	0.000376696	11	0.00304693	30442.6
36	0.000376696	12	0.00410104	52957.2
36	0.000376696	13	0.00551983	16751.8
36	0.000376696	14	0.00742947	29311.4
36	0.000376696	15	0.00999975	40277.3
36	0.000376696	16	0.0134592	53061.2
36	0.000376696	17	0.0181156	44653.1
36	0.000376696	18	0.0243828	40936.3
36	0.000376696	19	0.0328183	46193.7
36	0.000376696	20	0.044172	35188.5
36	0.000376696	21	0.0594537	36512.7
36	0.000376696	22	0.0800221	37603.5
36	0.000376696	23	0.107706	38292.4
36	0.000376696	24	0.144968	34639.7
36	0.000376696	25	0.195121	28960.6
36	0.000376696	26	0.262625	16584.6
36	0.000376696	27	0.353483	7592.28
36	0.000376696	28	0.475773	3895.16
36	0.000376696	29	0.64037	1826.42
36	0.000376696	30	0.861911	764.956
36	0.000376696	31	1.1601	483.884
36	0.000376696	32	1.56144	439.121
36	0.000376696	33	2.10164	117.987
36	0.000376696	34	2.82871	18.7263
36	0.000376696	35	3.80733	8.30282
36	0.000376696	36	5.12451	14.0278
36	0.000376696	37	6.89737	5.76765
36	0.000376696	38	9.28357	0
36	0.000376696	39	12.4953	0
37	0.000472023	0	0.000116015	0
37	0.000472023	1	0.000156152	0
37	0.000472023	2	0.000210174	0
37	0.000472023	3	0.000282885	612103
37	0.000472023	4	0.000380752	0
37	0.000472023	5	0.000512476	0
37	0.000472023	6	0.000689771	0
37	0.000472023	7	0.000928403	0
37	0.000472023	8	0.00124959	0
37	0.000472023	9	0.0016819	96641.9
37	0.000472023	10	0.00226377	0
37	0.000472023	11	0.00304693	53342.6
37	0.000472023	12	0.00410104	0
37	0.000472023	13	0.00551983	29445
37	0.000472023	14	0.00742947	0
37	0.000472023	15	0.00999975	81612.7
37	0.000472023	16	0.0134592	50715.6
37	0.000472023	17	0.0181156	26917.8
37	0.000472023	18	0.0243828	33765.2
37	0.000472023	19	0.0328183	45279.2
37	0.000472023	20	0.044172	29872.2
37	0.000472023	21	0.0594537	47158.7
37	0.000472023	22	0.0800221	32641.1
37	0.000472023	23	0.107706	33697.8
37	0.000472023	24	0.144968	14775.2
37	0.000472023	25	0.195121	13884.3
37	0.000472023	26	0.262625	5054.69
37	0.000472023	27	0.353483	5721.57
37	0.000472023	28	0.475773	2084.53
37	0.000472023	29	0.64037	2862.7
37	0.000472023	30	0.861911	936.54
37	0.000472023	31	1.1601	857.065
37	0.000472023	32	1.56144	421.487
37	0.000472023	33	2.10164	387.247
37	0.000472023	34	2.82871	114.862
37	0.000472023	35	3.80733	125.046
37	0.000472023	36	5.12451	91.5866
37	0.000472023	37	6.89737	52.8349
37	0.000472023	38	9.28357	18.3825
37	0.000472023	39	12.4953	0
38	0.000591474	0	0.000116015	0
38	0.000591474	1	0.000156152	0
38	0.000591474	2	0.000210174	0
38	0.000591474	3	0.000282885	0
38	0.000591474	4	0.000380752	0
38	0.000591474	5	0.000512476	0
38	0.000591474	6	0.000689771	0
38	0.000591474	7	0.000928403	0
38	0.000591474	8	0.00124959	0
38	0.000591474	9	0.0016819	0
38	0.000591474	10	0.00226377	0
38	0.000591474	11	0.00304693	0
38	0.000591474	12	0.00410104	65644.1
38	0.000591474	13	0.00551983	0
38	0.000591474	14	0.00742947	0
38	0.000591474	15	0.00999975	0
38	0.000591474	16	0.0134592	0
38	0.000591474	17	0.0181156	29579.7
38	0.000591474	18	0.0243828	11526.5
38	0.000591474	19	0.0328183	7471.02
38	0.000591474	20	0.044172	35865.3
38	0.000591474	21	0.0594537	14055.4
38	0.000591474	22	0.0800221	19750.3
38	0.000591474	23	0.107706	14687.7
38	0.000591474	24	0.144968	10886.5
38	0.000591474	25	0.195121	9803.84
38	0.000591474	26	0.262625	4239.7
38	0.000591474	27	0.353483	9131.28
38	0.000591474	28	0.475773	1130.96
38	0.000591474	29	0.64037	2143.13
38	0.000591474	30	0.861911	1880.89
38	0.000591474	31	1.1601	2347.98
38	0.000591474	32	1.56144	857.341
38	0.000591474	33	2.10164	642.212
38	0.000591474	34	2.82871	93.9005
38	0.000591474	35	3.80733	138.702
38	0.000591474	36	5.12451	50.3315
38	0.000591474	37	6.89737	0
38	0.000591474	38	9.28357	0
38	0.000591474	39	12.4953	27.0413
39	0.000741154	0	0.000116015	0
39	0.000741154	1	0.000156152	0
39	0.000741154	2	0.000210174	0
39	0.000741154	3	0.000282885	0
39	0.000741154	4	0.000380752	0
39	0.000741154	5	0.000512476	0
39	0.000741154	6	0.000689771	0
39	0.000741154	7	0.000928403	0
39	0.000741154	8	0.00124959	0
39	0.000741154	9	0.0016819	0
39	0.000741154	10	0.00226377	0
39	0.000741154	11	0.00304693	0
39	0.000741154	12	0.00410104	0
39	0.000741154	13	0.00551983	0
39	0.000741154	14	0.00742947	0
39	0.000741154	15	0.00999975	0
39	0.000741154	16	0.0134592	37621.5
39	0.000741154	17	0.0181156	9316.7
39	0.000741154	18	0.0243828	35080.6
39	0.000741154	19	0.0328183	15892.5
39	0.000741154	20	0.044172	16102
39	0.000741154	21	0.0594537	24078.8
39	0.000741154	22	0.0800221	20580.2
39	0.000741154	23	0.107706	13510.1
39	0.000741154	24	0.144968	17292.4
39	0.000741154	25	0.195121	8182.33
39	0.000741154	26	0.262625	5000.09
39	0.000741154	27	0.353483	4788.31
39	0.000741154	28	0.475773	3848.64
39	0.000741154	29	0.64037	1462.54
39	0.000741154	30	0.861911	672.695
39	0.000741154	31	1.1601	331.094
39	0.000741154	32	1.56144	497.959
39	0.000741154	33	2.10164	90.5129
39	0.000741154	34	2.82871	65.9588
39	0.000741154	35	3.80733	46.3783
39	0.000741154	36	5.12451	35.8
39	0.000741154	37	6.89737	25.9418
39	0.000741154	38	9.28357	19.7761
39	0.000741154	39	12.4953	0
