# binIndex1	binCenter1	binIndex2	binCenter2	count
0	1.08311e-07	0	0.000110861	6.07618e+10
0	1.08311e-07	1	0.000136249	5.13756e+10
0	1.08311e-07	2	0.000167451	5.46615e+10
0	1.08311e-07	3	0.000205799	5.02416e+10
0	1.08311e-07	4	0.000252928	4.70261e+10
0	1.08311e-07	5	0.000310851	4.03255e+10
0	1.08311e-07	6	0.000382039	3.79419e+10
0	1.08311e-07	7	0.000469529	3.34473e+10
0	1.08311e-07	8	0.000577055	3.11048e+10
0	1.08311e-07	9	0.000709206	2.72268e+10
0	1.08311e-07	10	0.00087162	1.99487e+10
0	1.08311e-07	11	0.00107123	1.66708e+10
0	1.08311e-07	12	0.00131655	1.36924e+10
0	1.08311e-07	13	0.00161805	1.12979e+10
0	1.08311e-07	14	0.0019886	1.04511e+10
0	1.08311e-07	15	0.00244401	5.8953e+09
0	1.08311e-07	16	0.0030037	3.64669e+09
0	1.08311e-07	17	0.00369158	2.71311e+09
0	1.08311e-07	18	0.00453698	1.97044e+09
0	1.08311e-07	19	0.00557599	1.50962e+09
0	1.08311e-07	20	0.00685294	8.50877e+08
0	1.08311e-07	21	0.00842232	3.0213e+08
0	1.08311e-07	22	0.0103511	7.5547e+07
0	1.08311e-07	23	0.0127216	2.1107e+07
0	1.08311e-07	24	0.015635	0
0	1.08311e-07	25	0.0192155	0
0	1.08311e-07	26	0.023616	0
0	1.08311e-07	27	0.0290243	0
0	1.08311e-07	28	0.0356711	0
0	1.08311e-07	29	0.0438401	0
0	1.08311e-07	30	0.0538799	0
0	1.08311e-07	31	0.0662189	0
0	1.08311e-07	32	0.0813836	0
0	1.08311e-07	33	0.100021	0
0	1.08311e-07	34	0.122927	0
0	1.08311e-07	35	0.151078	0
0	1.08311e-07	36	0.185676	0
0	1.08311e-07	37	0.228198	0
0	1.08311e-07	38	0.280457	0
0	1.08311e-07	39	0.344684	0
1	1.27063e-07	0	0.000110861	4.68067e+10
1	1.27063e-07	1	0.000136249	4.57939e+10
1	1.27063e-07	2	0.000167451	4.40496e+10
1	1.27063e-07	3	0.000205799	3.97037e+10
1	1.27063e-07	4	0.000252928	3.74745e+10
1	1.27063e-07	5	0.000310851	3.27169e+10
1	1.27063e-07	6	0.000382039	3.14598e+10
1	1.27063e-07	7	0.000469529	2.60456e+10
1	1.27063e-07	8	0.000577055	2.43213e+10
1	1.27063e-07	9	0.000709206	2.25113e+10
1	1.27063e-07	10	0.00087162	1.73292e+10
1	1.27063e-07	11	0.00107123	1.49287e+10
1	1.27063e-07	12	0.00131655	1.08892e+10
1	1.27063e-07	13	0.00161805	9.57048e+09
1	1.27063e-07	14	0.0019886	7.57088e+09
1	1.27063e-07	15	0.00244401	6.39094e+09
1	1.27063e-07	16	0.0030037	3.79822e+09
1	1.27063e-07	17	0.00369158	2.30246e+09
1	1.27063e-07	18	0.00453698	1.72635e+09
1	1.27063e-07	19	0.00557599	1.29101e+09
1	1.27063e-07	20	0.00685294	9.44827e+08
1	1.27063e-07	21	0.00842232	3.49477e+08
1	1.27063e-07	22	0.0103511	1.16343e+08
1	1.27063e-07	23	0.0127216	1.83429e+07
1	1.27063e-07	24	0.015635	4.55443e+06
1	1.27063e-07	25	0.0192155	897377
1	1.27063e-07	26	0.023616	0
1	1.27063e-07	27	0.0290243	0
1	1.27063e-07	28	0.0356711	0
1	1.27063e-07	29	0.0438401	0
1	1.27063e-07	30	0.0538799	0
1	1.27063e-07	31	0.0662189	0
1	1.27063e-07	32	0.0813836	0
1	1.27063e-07	33	0.100021	0
1	1.27063e-07	34	0.122927	0
1	1.27063e-07	35	0.151078	0
1	1.27063e-07	36	0.185676	0
1	1.27063e-07	37	0.228198	0
1	1.27063e-07	38	0.280457	0
1	1.27063e-07	39	0.344684	0
2	1.49061e-07	0	0.000110861	3.74417e+10
2	1.49061e-07	1	0.000136249	3.84798e+10
2	1.49061e-07	2	0.000167451	3.2226e+10
2	1.49061e-07	3	0.000205799	2.99675e+10
2	1.49061e-07	4	0.000252928	2.76256e+10
2	1.49061e-07	5	0.000310851	2.73694e+10
2	1.49061e-07	6	0.000382039	2.37472e+10
2	1.49061e-07	7	0.000469529	2.13491e+10
2	1.49061e-07	8	0.000577055	1.9518e+10
2	1.49061e-07	9	0.000709206	1.72493e+10
2	1.49061e-07	10	0.00087162	1.51909e+10
2	1.49061e-07	11	0.00107123	1.27846e+10
2	1.49061e-07	12	0.00131655	9.64603e+09
2	1.49061e-07	13	0.00161805	8.00716e+09
2	1.49061e-07	14	0.0019886	6.34004e+09
2	1.49061e-07	15	0.00244401	5.66425e+09
2	1.49061e-07	16	0.0030037	4.25725e+09
2	1.49061e-07	17	0.00369158	2.17466e+09
2	1.49061e-07	18	0.00453698	1.48048e+09
2	1.49061e-07	19	0.00557599	1.18625e+09
2	1.49061e-07	20	0.00685294	7.96713e+08
2	1.49061e-07	21	0.00842232	4.6155e+08
2	1.49061e-07	22	0.0103511	1.11193e+08
2	1.49061e-07	23	0.0127216	2.70433e+07
2	1.49061e-07	24	0.015635	4.78553e+06
2	1.49061e-07	25	0.0192155	1.16969e+06
2	1.49061e-07	26	0.023616	0
2	1.49061e-07	27	0.0290243	0
2	1.49061e-07	28	0.0356711	0
2	1.49061e-07	29	0.0438401	0
2	1.49061e-07	30	0.0538799	0
2	1.49061e-07	31	0.0662189	0
2	1.49061e-07	32	0.0813836	0
2	1.49061e-07	33	0.100021	0
2	1.49061e-07	34	0.122927	0
2	1.49061e-07	35	0.151078	0
2	1.49061e-07	36	0.185676	0
2	1.49061e-07	37	0.228198	0
2	1.49061e-07	38	0.280457	0
2	1.49061e-07	39	0.344684	0
3	1.74867e-07	0	0.000110861	3.27077e+10
3	1.74867e-07	1	0.000136249	2.97192e+10
3	1.74867e-07	2	0.000167451	2.84457e+10
3	1.74867e-07	3	0.000205799	2.57046e+10
3	1.74867e-07	4	0.000252928	2.33061e+10
3	1.74867e-07	5	0.000310851	2.1314e+10
3	1.74867e-07	6	0.000382039	1.93386e+10
3	1.74867e-07	7	0.000469529	1.74634e+10
3	1.74867e-07	8	0.000577055	1.53717e+10
3	1.74867e-07	9	0.000709206	1.38005e+10
3	1.74867e-07	10	0.00087162	1.17513e+10
3	1.74867e-07	11	0.00107123	1.04978e+10
3	1.74867e-07	12	0.00131655	8.60496e+09
3	1.74867e-07	13	0.00161805	6.37412e+09
3	1.74867e-07	14	0.0019886	5.51328e+09
3	1.74867e-07	15	0.00244401	4.156e+09
3	1.74867e-07	16	0.0030037	4.12002e+09
3	1.74867e-07	17	0.00369158	2.47747e+09
3	1.74867e-07	18	0.00453698	1.36679e+09
3	1.74867e-07	19	0.00557599	1.04742e+09
3	1.74867e-07	20	0.00685294	7.12781e+08
3	1.74867e-07	21	0.00842232	4.48676e+08
3	1.74867e-07	22	0.0103511	1.75922e+08
3	1.74867e-07	23	0.0127216	2.60537e+07
3	1.74867e-07	24	0.015635	4.19757e+06
3	1.74867e-07	25	0.0192155	0
3	1.74867e-07	26	0.023616	0
3	1.74867e-07	27	0.0290243	0
3	1.74867e-07	28	0.0356711	0
3	1.74867e-07	29	0.0438401	0
3	1.74867e-07	30	0.0538799	0
3	1.74867e-07	31	0.0662189	0
3	1.74867e-07	32	0.0813836	0
3	1.74867e-07	33	0.100021	0
3	1.74867e-07	34	0.122927	0
3	1.74867e-07	35	0.151078	0
3	1.74867e-07	36	0.185676	0
3	1.74867e-07	37	0.228198	0
3	1.74867e-07	38	0.280457	0
3	1.74867e-07	39	0.344684	0
4	2.05142e-07	0	0.000110861	2.74522e+10
4	2.05142e-07	1	0.000136249	2.4906e+10
4	2.05142e-07	2	0.000167451	2.13682e+10
4	2.05142e-07	3	0.000205799	2.1932e+10
4	2.05142e-07	4	0.000252928	1.73127e+10
4	2.05142e-07	5	0.000310851	1.58791e+10
4	2.05142e-07	6	0.000382039	1.5418e+10
4	2.05142e-07	7	0.000469529	1.23847e+10
4	2.05142e-07	8	0.000577055	1.2357e+10
4	2.05142e-07	9	0.000709206	1.1485e+10
4	2.05142e-07	10	0.00087162	1.00764e+10
4	2.05142e-07	11	0.00107123	8.39173e+09
4	2.05142e-07	12	0.00131655	7.34728e+09
4	2.05142e-07	13	0.00161805	6.04153e+09
4	2.05142e-07	14	0.0019886	4.74001e+09
4	2.05142e-07	15	0.00244401	3.69867e+09
4	2.05142e-07	16	0.0030037	3.13852e+09
4	2.05142e-07	17	0.00369158	2.71177e+09
4	2.05142e-07	18	0.00453698	1.45605e+09
4	2.05142e-07	19	0.00557599	9.09983e+08
4	2.05142e-07	20	0.00685294	6.11679e+08
4	2.05142e-07	21	0.00842232	3.77485e+08
4	2.05142e-07	22	0.0103511	1.95877e+08
4	2.05142e-07	23	0.0127216	4.12174e+07
4	2.05142e-07	24	0.015635	4.62668e+06
4	2.05142e-07	25	0.0192155	348205
4	2.05142e-07	26	0.023616	0
4	2.05142e-07	27	0.0290243	0
4	2.05142e-07	28	0.0356711	0
4	2.05142e-07	29	0.0438401	0
4	2.05142e-07	30	0.0538799	0
4	2.05142e-07	31	0.0662189	0
4	2.05142e-07	32	0.0813836	0
4	2.05142e-07	33	0.100021	0
4	2.05142e-07	34	0.122927	0
4	2.05142e-07	35	0.151078	0
4	2.05142e-07	36	0.185676	0
4	2.05142e-07	37	0.228198	0
4	2.05142e-07	38	0.280457	0
4	2.05142e-07	39	0.344684	0
5	2.40657e-07	0	0.000110861	2.25046e+10
5	2.40657e-07	1	0.000136249	1.82979e+10
5	2.40657e-07	2	0.000167451	1.73471e+10
5	2.40657e-07	3	0.000205799	1.47887e+10
5	2.40657e-07	4	0.000252928	1.40899e+10
5	2.40657e-07	5	0.000310851	1.29847e+10
5	2.40657e-07	6	0.000382039	1.12558e+10
5	2.40657e-07	7	0.000469529	1.08038e+10
5	2.40657e-07	8	0.000577055	9.73706e+09
5	2.40657e-07	9	0.000709206	8.62594e+09
5	2.40657e-07	10	0.00087162	8.09482e+09
5	2.40657e-07	11	0.00107123	7.14401e+09
5	2.40657e-07	12	0.00131655	6.19622e+09
5	2.40657e-07	13	0.00161805	5.29542e+09
5	2.40657e-07	14	0.0019886	4.21903e+09
5	2.40657e-07	15	0.00244401	3.26548e+09
5	2.40657e-07	16	0.0030037	2.56417e+09
5	2.40657e-07	17	0.00369158	2.24413e+09
5	2.40657e-07	18	0.00453698	1.76982e+09
5	2.40657e-07	19	0.00557599	8.99976e+08
5	2.40657e-07	20	0.00685294	5.63413e+08
5	2.40657e-07	21	0.00842232	3.23908e+08
5	2.40657e-07	22	0.0103511	1.77668e+08
5	2.40657e-07	23	0.0127216	6.41222e+07
5	2.40657e-07	24	0.015635	6.75577e+06
5	2.40657e-07	25	0.0192155	242369
5	2.40657e-07	26	0.023616	197277
5	2.40657e-07	27	0.0290243	0
5	2.40657e-07	28	0.0356711	0
5	2.40657e-07	29	0.0438401	0
5	2.40657e-07	30	0.0538799	0
5	2.40657e-07	31	0.0662189	0
5	2.40657e-07	32	0.0813836	0
5	2.40657e-07	33	0.100021	0
5	2.40657e-07	34	0.122927	0
5	2.40657e-07	35	0.151078	0
5	2.40657e-07	36	0.185676	0
5	2.40657e-07	37	0.228198	0
5	2.40657e-07	38	0.280457	0
5	2.40657e-07	39	0.344684	0
6	2.82322e-07	0	0.000110861	1.66341e+10
6	2.82322e-07	1	0.000136249	1.43052e+10
6	2.82322e-07	2	0.000167451	1.35912e+10
6	2.82322e-07	3	0.000205799	1.1718e+10
6	2.82322e-07	4	0.000252928	1.09475e+10
6	2.82322e-07	5	0.000310851	1.02073e+10
6	2.82322e-07	6	0.000382039	9.20448e+09
6	2.82322e-07	7	0.000469529	8.08337e+09
6	2.82322e-07	8	0.000577055	7.99214e+09
6	2.82322e-07	9	0.000709206	6.45031e+09
6	2.82322e-07	10	0.00087162	5.98389e+09
6	2.82322e-07	11	0.00107123	5.59303e+09
6	2.82322e-07	12	0.00131655	4.96441e+09
6	2.82322e-07	13	0.00161805	4.2862e+09
6	2.82322e-07	14	0.0019886	3.77188e+09
6	2.82322e-07	15	0.00244401	2.9751e+09
6	2.82322e-07	16	0.0030037	2.40191e+09
6	2.82322e-07	17	0.00369158	1.78505e+09
6	2.82322e-07	18	0.00453698	1.55502e+09
6	2.82322e-07	19	0.00557599	1.09721e+09
6	2.82322e-07	20	0.00685294	5.58493e+08
6	2.82322e-07	21	0.00842232	3.36404e+08
6	2.82322e-07	22	0.0103511	1.82891e+08
6	2.82322e-07	23	0.0127216	8.10865e+07
6	2.82322e-07	24	0.015635	2.03514e+07
6	2.82322e-07	25	0.0192155	1.05205e+06
6	2.82322e-07	26	0.023616	0
6	2.82322e-07	27	0.0290243	0
6	2.82322e-07	28	0.0356711	0
6	2.82322e-07	29	0.0438401	0
6	2.82322e-07	30	0.0538799	0
6	2.82322e-07	31	0.0662189	0
6	2.82322e-07	32	0.0813836	0
6	2.82322e-07	33	0.100021	0
6	2.82322e-07	34	0.122927	0
6	2.82322e-07	35	0.151078	0
6	2.82322e-07	36	0.185676	0
6	2.82322e-07	37	0.228198	0
6	2.82322e-07	38	0.280457	0
6	2.82322e-07	39	0.344684	0
7	3.312e-07	0	0.000110861	1.18858e+10
7	3.312e-07	1	0.000136249	1.02523e+10
7	3.312e-07	2	0.000167451	9.31744e+09
7	3.312e-07	3	0.000205799	9.07508e+09
7	3.312e-07	4	0.000252928	8.81201e+09
7	3.312e-07	5	0.000310851	7.62204e+09
7	3.312e-07	6	0.000382039	6.97769e+09
7	3.312e-07	7	0.000469529	6.55666e+09
7	3.312e-07	8	0.000577055	6.0536e+09
7	3.312e-07	9	0.000709206	5.89199e+09
7	3.312e-07	10	0.00087162	4.7844e+09
7	3.312e-07	11	0.00107123	4.33942e+09
7	3.312e-07	12	0.00131655	4.20536e+09
7	3.312e-07	13	0.00161805	3.57791e+09
7	3.312e-07	14	0.0019886	3.1901e+09
7	3.312e-07	15	0.00244401	2.71072e+09
7	3.312e-07	16	0.0030037	2.14088e+09
7	3.312e-07	17	0.00369158	1.62713e+09
7	3.312e-07	18	0.00453698	1.22623e+09
7	3.312e-07	19	0.00557599	1.05281e+09
7	3.312e-07	20	0.00685294	6.27446e+08
7	3.312e-07	21	0.00842232	3.38872e+08
7	3.312e-07	22	0.0103511	1.75878e+08
7	3.312e-07	23	0.0127216	7.39679e+07
7	3.312e-07	24	0.015635	2.12443e+07
7	3.312e-07	25	0.0192155	2.36959e+06
7	3.312e-07	26	0.023616	192432
7	3.312e-07	27	0.0290243	78264.3
7	3.312e-07	28	0.0356711	0
7	3.312e-07	29	0.0438401	0
7	3.312e-07	30	0.0538799	0
7	3.312e-07	31	0.0662189	0
7	3.312e-07	32	0.0813836	0
7	3.312e-07	33	0.100021	0
7	3.312e-07	34	0.122927	0
7	3.312e-07	35	0.151078	0
7	3.312e-07	36	0.185676	0
7	3.312e-07	37	0.228198	0
7	3.312e-07	38	0.280457	0
7	3.312e-07	39	0.344684	0
8	3.8854e-07	0	0.000110861	8.56638e+09
8	3.8854e-07	1	0.000136249	7.53166e+09
8	3.8854e-07	2	0.000167451	6.63503e+09
8	3.8854e-07	3	0.000205799	6.61744e+09
8	3.8854e-07	4	0.000252928	6.03818e+09
8	3.8854e-07	5	0.000310851	5.96816e+09
8	3.8854e-07	6	0.000382039	5.41908e+09
8	3.8854e-07	7	0.000469529	5.02725e+09
8	3.8854e-07	8	0.000577055	5.05701e+09
8	3.8854e-07	9	0.000709206	4.52005e+09
8	3.8854e-07	10	0.00087162	4.0499e+09
8	3.8854e-07	11	0.00107123	3.48133e+09
8	3.8854e-07	12	0.00131655	3.22975e+09
8	3.8854e-07	13	0.00161805	3.10883e+09
8	3.8854e-07	14	0.0019886	2.72192e+09
8	3.8854e-07	15	0.00244401	2.28694e+09
8	3.8854e-07	16	0.0030037	1.90517e+09
8	3.8854e-07	17	0.00369158	1.51673e+09
8	3.8854e-07	18	0.00453698	1.05408e+09
8	3.8854e-07	19	0.00557599	8.55663e+08
8	3.8854e-07	20	0.00685294	6.43889e+08
8	3.8854e-07	21	0.00842232	3.62744e+08
8	3.8854e-07	22	0.0103511	1.97285e+08
8	3.8854e-07	23	0.0127216	9.03837e+07
8	3.8854e-07	24	0.015635	2.43133e+07
8	3.8854e-07	25	0.0192155	4.77738e+06
8	3.8854e-07	26	0.023616	297294
8	3.8854e-07	27	0.0290243	0
8	3.8854e-07	28	0.0356711	87955.1
8	3.8854e-07	29	0.0438401	0
8	3.8854e-07	30	0.0538799	0
8	3.8854e-07	31	0.0662189	0
8	3.8854e-07	32	0.0813836	0
8	3.8854e-07	33	0.100021	0
8	3.8854e-07	34	0.122927	0
8	3.8854e-07	35	0.151078	0
8	3.8854e-07	36	0.185676	0
8	3.8854e-07	37	0.228198	0
8	3.8854e-07	38	0.280457	0
8	3.8854e-07	39	0.344684	0
9	4.55807e-07	0	0.000110861	6.60139e+09
9	4.55807e-07	1	0.000136249	6.21672e+09
9	4.55807e-07	2	0.000167451	5.76164e+09
9	4.55807e-07	3	0.000205799	5.14965e+09
9	4.55807e-07	4	0.000252928	4.91595e+09
9	4.55807e-07	5	0.000310851	4.97564e+09
9	4.55807e-07	6	0.000382039	4.39665e+09
9	4.55807e-07	7	0.000469529	4.20624e+09
9	4.55807e-07	8	0.000577055	4.11347e+09
9	4.55807e-07	9	0.000709206	3.71628e+09
9	4.55807e-07	10	0.00087162	3.34882e+09
9	4.55807e-07	11	0.00107123	2.82711e+09
9	4.55807e-07	12	0.00131655	2.59619e+09
9	4.55807e-07	13	0.00161805	2.37928e+09
9	4.55807e-07	14	0.0019886	2.18847e+09
9	4.55807e-07	15	0.00244401	1.89936e+09
9	4.55807e-07	16	0.0030037	1.57136e+09
9	4.55807e-07	17	0.00369158	1.39688e+09
9	4.55807e-07	18	0.00453698	1.01344e+09
9	4.55807e-07	19	0.00557599	6.71575e+08
9	4.55807e-07	20	0.00685294	5.64242e+08
9	4.55807e-07	21	0.00842232	3.7208e+08
9	4.55807e-07	22	0.0103511	1.9811e+08
9	4.55807e-07	23	0.0127216	9.76664e+07
9	4.55807e-07	24	0.015635	3.2431e+07
9	4.55807e-07	25	0.0192155	7.27122e+06
9	4.55807e-07	26	0.023616	619738
9	4.55807e-07	27	0.0290243	78432.8
9	4.55807e-07	28	0.0356711	0
9	4.55807e-07	29	0.0438401	0
9	4.55807e-07	30	0.0538799	0
9	4.55807e-07	31	0.0662189	0
9	4.55807e-07	32	0.0813836	0
9	4.55807e-07	33	0.100021	0
9	4.55807e-07	34	0.122927	0
9	4.55807e-07	35	0.151078	0
9	4.55807e-07	36	0.185676	0
9	4.55807e-07	37	0.228198	0
9	4.55807e-07	38	0.280457	0
9	4.55807e-07	39	0.344684	0
10	5.34719e-07	0	0.000110861	4.74982e+09
10	5.34719e-07	1	0.000136249	4.60744e+09
10	5.34719e-07	2	0.000167451	4.63978e+09
10	5.34719e-07	3	0.000205799	3.79666e+09
10	5.34719e-07	4	0.000252928	3.86378e+09
10	5.34719e-07	5	0.000310851	3.65155e+09
10	5.34719e-07	6	0.000382039	3.54296e+09
10	5.34719e-07	7	0.000469529	3.35363e+09
10	5.34719e-07	8	0.000577055	3.28105e+09
10	5.34719e-07	9	0.000709206	3.12442e+09
10	5.34719e-07	10	0.00087162	2.85735e+09
10	5.34719e-07	11	0.00107123	2.58231e+09
10	5.34719e-07	12	0.00131655	2.1248e+09
10	5.34719e-07	13	0.00161805	1.76718e+09
10	5.34719e-07	14	0.0019886	1.74613e+09
10	5.34719e-07	15	0.00244401	1.66958e+09
10	5.34719e-07	16	0.0030037	1.29111e+09
10	5.34719e-07	17	0.00369158	1.10284e+09
10	5.34719e-07	18	0.00453698	1.02392e+09
10	5.34719e-07	19	0.00557599	6.43785e+08
10	5.34719e-07	20	0.00685294	4.43132e+08
10	5.34719e-07	21	0.00842232	3.44951e+08
10	5.34719e-07	22	0.0103511	2.04234e+08
10	5.34719e-07	23	0.0127216	1.00352e+08
10	5.34719e-07	24	0.015635	3.95191e+07
10	5.34719e-07	25	0.0192155	7.85044e+06
10	5.34719e-07	26	0.023616	863202
10	5.34719e-07	27	0.0290243	88066.9
10	5.34719e-07	28	0.0356711	0
10	5.34719e-07	29	0.0438401	0
10	5.34719e-07	30	0.0538799	0
10	5.34719e-07	31	0.0662189	0
10	5.34719e-07	32	0.0813836	0
10	5.34719e-07	33	0.100021	0
10	5.34719e-07	34	0.122927	0
10	5.34719e-07	35	0.151078	0
10	5.34719e-07	36	0.185676	0
10	5.34719e-07	37	0.228198	0
10	5.34719e-07	38	0.280457	0
10	5.34719e-07	39	0.344684	0
11	6.27294e-07	0	0.000110861	3.69348e+09
11	6.27294e-07	1	0.000136249	3.4125e+09
11	6.27294e-07	2	0.000167451	3.29702e+09
11	6.27294e-07	3	0.000205799	2.9279e+09
11	6.27294e-07	4	0.000252928	2.86274e+09
11	6.27294e-07	5	0.000310851	2.79171e+09
11	6.27294e-07	6	0.000382039	2.84154e+09
11	6.27294e-07	7	0.000469529	2.76523e+09
11	6.27294e-07	8	0.000577055	2.50869e+09
11	6.27294e-07	9	0.000709206	2.36418e+09
11	6.27294e-07	10	0.00087162	2.29433e+09
11	6.27294e-07	11	0.00107123	2.14747e+09
11	6.27294e-07	12	0.00131655	1.85073e+09
11	6.27294e-07	13	0.00161805	1.56711e+09
11	6.27294e-07	14	0.0019886	1.39131e+09
11	6.27294e-07	15	0.00244401	1.32711e+09
11	6.27294e-07	16	0.0030037	1.23374e+09
11	6.27294e-07	17	0.00369158	8.52041e+08
11	6.27294e-07	18	0.00453698	7.93862e+08
11	6.27294e-07	19	0.00557599	7.06014e+08
11	6.27294e-07	20	0.00685294	3.90633e+08
11	6.27294e-07	21	0.00842232	2.78457e+08
11	6.27294e-07	22	0.0103511	1.94548e+08
11	6.27294e-07	23	0.0127216	1.10155e+08
11	6.27294e-07	24	0.015635	4.72705e+07
11	6.27294e-07	25	0.0192155	1.31934e+07
11	6.27294e-07	26	0.023616	1.83009e+06
11	6.27294e-07	27	0.0290243	120084
11	6.27294e-07	28	0.0356711	28351.3
11	6.27294e-07	29	0.0438401	0
11	6.27294e-07	30	0.0538799	0
11	6.27294e-07	31	0.0662189	0
11	6.27294e-07	32	0.0813836	0
11	6.27294e-07	33	0.100021	0
11	6.27294e-07	34	0.122927	0
11	6.27294e-07	35	0.151078	0
11	6.27294e-07	36	0.185676	0
11	6.27294e-07	37	0.228198	0
11	6.27294e-07	38	0.280457	0
11	6.27294e-07	39	0.344684	0
12	7.35896e-07	0	0.000110861	2.97751e+09
12	7.35896e-07	1	0.000136249	2.66196e+09
12	7.35896e-07	2	0.000167451	2.37269e+09
12	7.35896e-07	3	0.000205799	2.26255e+09
12	7.35896e-07	4	0.000252928	2.23558e+09
12	7.35896e-07	5	0.000310851	2.2252e+09
12	7.35896e-07	6	0.000382039	2.15897e+09
12	7.35896e-07	7	0.000469529	2.12896e+09
12	7.35896e-07	8	0.000577055	1.99888e+09
12	7.35896e-07	9	0.000709206	1.83036e+09
12	7.35896e-07	10	0.00087162	1.74677e+09
12	7.35896e-07	11	0.00107123	1.76096e+09
12	7.35896e-07	12	0.00131655	1.56668e+09
12	7.35896e-07	13	0.00161805	1.32036e+09
12	7.35896e-07	14	0.0019886	1.0978e+09
12	7.35896e-07	15	0.00244401	1.00104e+09
12	7.35896e-07	16	0.0030037	1.0298e+09
12	7.35896e-07	17	0.00369158	8.51641e+08
12	7.35896e-07	18	0.00453698	6.02487e+08
12	7.35896e-07	19	0.00557599	5.66358e+08
12	7.35896e-07	20	0.00685294	4.52295e+08
12	7.35896e-07	21	0.00842232	2.32092e+08
12	7.35896e-07	22	0.0103511	1.85115e+08
12	7.35896e-07	23	0.0127216	1.12953e+08
12	7.35896e-07	24	0.015635	5.55058e+07
12	7.35896e-07	25	0.0192155	1.74259e+07
12	7.35896e-07	26	0.023616	3.44074e+06
12	7.35896e-07	27	0.0290243	259921
12	7.35896e-07	28	0.0356711	11221.6
12	7.35896e-07	29	0.0438401	0
12	7.35896e-07	30	0.0538799	0
12	7.35896e-07	31	0.0662189	0
12	7.35896e-07	32	0.0813836	0
12	7.35896e-07	33	0.100021	0
12	7.35896e-07	34	0.122927	0
12	7.35896e-07	35	0.151078	0
12	7.35896e-07	36	0.185676	0
12	7.35896e-07	37	0.228198	0
12	7.35896e-07	38	0.280457	0
12	7.35896e-07	39	0.344684	0
13	8.633e-07	0	0.000110861	2.26527e+09
13	8.633e-07	1	0.000136249	2.04384e+09
13	8.633e-07	2	0.000167451	2.03803e+09
13	8.633e-07	3	0.000205799	1.84654e+09
13	8.633e-07	4	0.000252928	1.79141e+09
13	8.633e-07	5	0.000310851	1.8986e+09
13	8.633e-07	6	0.000382039	1.59089e+09
13	8.633e-07	7	0.000469529	1.67322e+09
13	8.633e-07	8	0.000577055	1.74504e+09
13	8.633e-07	9	0.000709206	1.54529e+09
13	8.633e-07	10	0.00087162	1.3197e+09
13	8.633e-07	11	0.00107123	1.3565e+09
13	8.633e-07	12	0.00131655	1.32033e+09
13	8.633e-07	13	0.00161805	1.12244e+09
13	8.633e-07	14	0.0019886	9.33137e+08
13	8.633e-07	15	0.00244401	8.11952e+08
13	8.633e-07	16	0.0030037	7.48697e+08
13	8.633e-07	17	0.00369158	7.3986e+08
13	8.633e-07	18	0.00453698	5.54932e+08
13	8.633e-07	19	0.00557599	4.12667e+08
13	8.633e-07	20	0.00685294	4.0436e+08
13	8.633e-07	21	0.00842232	2.73292e+08
13	8.633e-07	22	0.0103511	1.47045e+08
13	8.633e-07	23	0.0127216	1.12257e+08
13	8.633e-07	24	0.015635	5.56089e+07
13	8.633e-07	25	0.0192155	2.29769e+07
13	8.633e-07	26	0.023616	5.86748e+06
13	8.633e-07	27	0.0290243	680599
13	8.633e-07	28	0.0356711	23144.2
13	8.633e-07	29	0.0438401	10399.1
13	8.633e-07	30	0.0538799	0
13	8.633e-07	31	0.0662189	0
13	8.633e-07	32	0.0813836	0
13	8.633e-07	33	0.100021	0
13	8.633e-07	34	0.122927	0
13	8.633e-07	35	0.151078	0
13	8.633e-07	36	0.185676	0
13	8.633e-07	37	0.228198	0
13	8.633e-07	38	0.280457	0
13	8.633e-07	39	0.344684	0
14	1.01276e-06	0	0.000110861	1.98004e+09
14	1.01276e-06	1	0.000136249	1.74391e+09
14	1.01276e-06	2	0.000167451	1.62982e+09
14	1.01276e-06	3	0.000205799	1.56726e+09
14	1.01276e-06	4	0.000252928	1.33905e+09
14	1.01276e-06	5	0.000310851	1.44935e+09
14	1.01276e-06	6	0.000382039	1.44233e+09
14	1.01276e-06	7	0.000469529	1.2976e+09
14	1.01276e-06	8	0.000577055	1.28576e+09
14	1.01276e-06	9	0.000709206	1.33057e+09
14	1.01276e-06	10	0.00087162	1.08151e+09
14	1.01276e-06	11	0.00107123	9.9865e+08
14	1.01276e-06	12	0.00131655	1.03252e+09
14	1.01276e-06	13	0.00161805	9.88557e+08
14	1.01276e-06	14	0.0019886	8.05474e+08
14	1.01276e-06	15	0.00244401	6.59116e+08
14	1.01276e-06	16	0.0030037	5.85191e+08
14	1.01276e-06	17	0.00369158	5.56118e+08
14	1.01276e-06	18	0.00453698	5.22449e+08
14	1.01276e-06	19	0.00557599	3.64122e+08
14	1.01276e-06	20	0.00685294	2.91589e+08
14	1.01276e-06	21	0.00842232	2.77612e+08
14	1.01276e-06	22	0.0103511	1.58847e+08
14	1.01276e-06	23	0.0127216	9.31645e+07
14	1.01276e-06	24	0.015635	6.13864e+07
14	1.01276e-06	25	0.0192155	2.57445e+07
14	1.01276e-06	26	0.023616	7.29871e+06
14	1.01276e-06	27	0.0290243	907186
14	1.01276e-06	28	0.0356711	36352
14	1.01276e-06	29	0.0438401	7118.86
14	1.01276e-06	30	0.0538799	0
14	1.01276e-06	31	0.0662189	0
14	1.01276e-06	32	0.0813836	0
14	1.01276e-06	33	0.100021	0
14	1.01276e-06	34	0.122927	0
14	1.01276e-06	35	0.151078	0
14	1.01276e-06	36	0.185676	0
14	1.01276e-06	37	0.228198	0
14	1.01276e-06	38	0.280457	0
14	1.01276e-06	39	0.344684	0
15	1.1881e-06	0	0.000110861	1.52936e+09
15	1.1881e-06	1	0.000136249	1.40926e+09
15	1.1881e-06	2	0.000167451	1.3523e+09
15	1.1881e-06	3	0.000205799	1.33057e+09
15	1.1881e-06	4	0.000252928	1.11125e+09
15	1.1881e-06	5	0.000310851	1.01735e+09
15	1.1881e-06	6	0.000382039	1.16364e+09
15	1.1881e-06	7	0.000469529	1.03266e+09
15	1.1881e-06	8	0.000577055	9.26099e+08
15	1.1881e-06	9	0.000709206	1.00975e+09
15	1.1881e-06	10	0.00087162	9.93193e+08
15	1.1881e-06	11	0.00107123	7.89651e+08
15	1.1881e-06	12	0.00131655	7.54365e+08
15	1.1881e-06	13	0.00161805	7.75699e+08
15	1.1881e-06	14	0.0019886	7.1408e+08
15	1.1881e-06	15	0.00244401	5.73215e+08
15	1.1881e-06	16	0.0030037	4.68583e+08
15	1.1881e-06	17	0.00369158	4.24693e+08
15	1.1881e-06	18	0.00453698	4.09877e+08
15	1.1881e-06	19	0.00557599	3.65151e+08
15	1.1881e-06	20	0.00685294	2.36216e+08
15	1.1881e-06	21	0.00842232	2.1349e+08
15	1.1881e-06	22	0.0103511	1.78098e+08
15	1.1881e-06	23	0.0127216	9.32268e+07
15	1.1881e-06	24	0.015635	5.65644e+07
15	1.1881e-06	25	0.0192155	3.14461e+07
15	1.1881e-06	26	0.023616	8.97114e+06
15	1.1881e-06	27	0.0290243	1.64387e+06
15	1.1881e-06	28	0.0356711	125766
15	1.1881e-06	29	0.0438401	13712.6
15	1.1881e-06	30	0.0538799	0
15	1.1881e-06	31	0.0662189	0
15	1.1881e-06	32	0.0813836	0
15	1.1881e-06	33	0.100021	0
15	1.1881e-06	34	0.122927	0
15	1.1881e-06	35	0.151078	0
15	1.1881e-06	36	0.185676	0
15	1.1881e-06	37	0.228198	0
15	1.1881e-06	38	0.280457	0
15	1.1881e-06	39	0.344684	0
16	1.39379e-06	0	0.000110861	1.2788e+09
16	1.39379e-06	1	0.000136249	1.07057e+09
16	1.39379e-06	2	0.000167451	9.7384e+08
16	1.39379e-06	3	0.000205799	1.00276e+09
16	1.39379e-06	4	0.000252928	8.93627e+08
16	1.39379e-06	5	0.000310851	7.34825e+08
16	1.39379e-06	6	0.000382039	7.84481e+08
16	1.39379e-06	7	0.000469529	8.83384e+08
16	1.39379e-06	8	0.000577055	7.09016e+08
16	1.39379e-06	9	0.000709206	6.91799e+08
16	1.39379e-06	10	0.00087162	7.87462e+08
16	1.39379e-06	11	0.00107123	7.02587e+08
16	1.39379e-06	12	0.00131655	6.04508e+08
16	1.39379e-06	13	0.00161805	5.76198e+08
16	1.39379e-06	14	0.0019886	5.97084e+08
16	1.39379e-06	15	0.00244401	5.18149e+08
16	1.39379e-06	16	0.0030037	4.13723e+08
16	1.39379e-06	17	0.00369158	3.48245e+08
16	1.39379e-06	18	0.00453698	3.20064e+08
16	1.39379e-06	19	0.00557599	3.0363e+08
16	1.39379e-06	20	0.00685294	2.42724e+08
16	1.39379e-06	21	0.00842232	1.52943e+08
16	1.39379e-06	22	0.0103511	1.51207e+08
16	1.39379e-06	23	0.0127216	1.05863e+08
16	1.39379e-06	24	0.015635	5.4385e+07
16	1.39379e-06	25	0.0192155	3.17505e+07
16	1.39379e-06	26	0.023616	1.26598e+07
16	1.39379e-06	27	0.0290243	2.55798e+06
16	1.39379e-06	28	0.0356711	291948
16	1.39379e-06	29	0.0438401	13238.4
16	1.39379e-06	30	0.0538799	7129.44
16	1.39379e-06	31	0.0662189	2613.98
16	1.39379e-06	32	0.0813836	0
16	1.39379e-06	33	0.100021	0
16	1.39379e-06	34	0.122927	0
16	1.39379e-06	35	0.151078	0
16	1.39379e-06	36	0.185676	0
16	1.39379e-06	37	0.228198	0
16	1.39379e-06	38	0.280457	0
16	1.39379e-06	39	0.344684	0
17	1.6351e-06	0	0.000110861	8.43486e+08
17	1.6351e-06	1	0.000136249	8.26351e+08
17	1.6351e-06	2	0.000167451	6.969e+08
17	1.6351e-06	3	0.000205799	7.18442e+08
17	1.6351e-06	4	0.000252928	7.19581e+08
17	1.6351e-06	5	0.000310851	6.01424e+08
17	1.6351e-06	6	0.000382039	5.44526e+08
17	1.6351e-06	7	0.000469529	6.51505e+08
17	1.6351e-06	8	0.000577055	5.80817e+08
17	1.6351e-06	9	0.000709206	5.20255e+08
17	1.6351e-06	10	0.00087162	5.48157e+08
17	1.6351e-06	11	0.00107123	5.81045e+08
17	1.6351e-06	12	0.00131655	5.03142e+08
17	1.6351e-06	13	0.00161805	4.64094e+08
17	1.6351e-06	14	0.0019886	4.43019e+08
17	1.6351e-06	15	0.00244401	4.44066e+08
17	1.6351e-06	16	0.0030037	3.7502e+08
17	1.6351e-06	17	0.00369158	3.03004e+08
17	1.6351e-06	18	0.00453698	2.62642e+08
17	1.6351e-06	19	0.00557599	2.37968e+08
17	1.6351e-06	20	0.00685294	2.15515e+08
17	1.6351e-06	21	0.00842232	1.56254e+08
17	1.6351e-06	22	0.0103511	1.04552e+08
17	1.6351e-06	23	0.0127216	1.012e+08
17	1.6351e-06	24	0.015635	6.41673e+07
17	1.6351e-06	25	0.0192155	3.02079e+07
17	1.6351e-06	26	0.023616	1.45759e+07
17	1.6351e-06	27	0.0290243	3.84329e+06
17	1.6351e-06	28	0.0356711	473192
17	1.6351e-06	29	0.0438401	34680.7
17	1.6351e-06	30	0.0538799	4999.44
17	1.6351e-06	31	0.0662189	3498.85
17	1.6351e-06	32	0.0813836	0
17	1.6351e-06	33	0.100021	0
17	1.6351e-06	34	0.122927	0
17	1.6351e-06	35	0.151078	0
17	1.6351e-06	36	0.185676	0
17	1.6351e-06	37	0.228198	0
17	1.6351e-06	38	0.280457	0
17	1.6351e-06	39	0.344684	0
18	1.91818e-06	0	0.000110861	5.60127e+08
18	1.91818e-06	1	0.000136249	5.87712e+08
18	1.91818e-06	2	0.000167451	4.90766e+08
18	1.91818e-06	3	0.000205799	4.39332e+08
18	1.91818e-06	4	0.000252928	5.06115e+08
18	1.91818e-06	5	0.000310851	4.83929e+08
18	1.91818e-06	6	0.000382039	4.13051e+08
18	1.91818e-06	7	0.000469529	4.19888e+08
18	1.91818e-06	8	0.000577055	4.644e+08
18	1.91818e-06	9	0.000709206	4.12044e+08
18	1.91818e-06	10	0.00087162	3.90222e+08
18	1.91818e-06	11	0.00107123	4.29259e+08
18	1.91818e-06	12	0.00131655	4.1788e+08
18	1.91818e-06	13	0.00161805	3.70158e+08
18	1.91818e-06	14	0.0019886	3.54241e+08
18	1.91818e-06	15	0.00244401	3.40843e+08
18	1.91818e-06	16	0.0030037	3.30425e+08
18	1.91818e-06	17	0.00369158	2.70837e+08
18	1.91818e-06	18	0.00453698	2.23662e+08
18	1.91818e-06	19	0.00557599	1.97653e+08
18	1.91818e-06	20	0.00685294	1.75704e+08
18	1.91818e-06	21	0.00842232	1.49598e+08
18	1.91818e-06	22	0.0103511	9.9805e+07
18	1.91818e-06	23	0.0127216	6.9983e+07
18	1.91818e-06	24	0.015635	6.5207e+07
18	1.91818e-06	25	0.0192155	3.7809e+07
18	1.91818e-06	26	0.023616	1.51699e+07
18	1.91818e-06	27	0.0290243	5.39977e+06
18	1.91818e-06	28	0.0356711	913990
18	1.91818e-06	29	0.0438401	67618
18	1.91818e-06	30	0.0538799	4393.54
18	1.91818e-06	31	0.0662189	1771.86
18	1.91818e-06	32	0.0813836	574.714
18	1.91818e-06	33	0.100021	606.65
18	1.91818e-06	34	0.122927	246.748
18	1.91818e-06	35	0.151078	0
18	1.91818e-06	36	0.185676	0
18	1.91818e-06	37	0.228198	0
18	1.91818e-06	38	0.280457	0
18	1.91818e-06	39	0.344684	0
19	2.25027e-06	0	0.000110861	3.7377e+08
19	2.25027e-06	1	0.000136249	4.07383e+08
19	2.25027e-06	2	0.000167451	3.57837e+08
19	2.25027e-06	3	0.000205799	3.31356e+08
19	2.25027e-06	4	0.000252928	3.55906e+08
19	2.25027e-06	5	0.000310851	3.62711e+08
19	2.25027e-06	6	0.000382039	3.16588e+08
19	2.25027e-06	7	0.000469529	3.12441e+08
19	2.25027e-06	8	0.000577055	3.43367e+08
19	2.25027e-06	9	0.000709206	3.38007e+08
19	2.25027e-06	10	0.00087162	3.04896e+08
19	2.25027e-06	11	0.00107123	3.09368e+08
19	2.25027e-06	12	0.00131655	3.1998e+08
19	2.25027e-06	13	0.00161805	2.97636e+08
19	2.25027e-06	14	0.0019886	2.83753e+08
19	2.25027e-06	15	0.00244401	2.71876e+08
19	2.25027e-06	16	0.0030037	2.59599e+08
19	2.25027e-06	17	0.00369158	2.36128e+08
19	2.25027e-06	18	0.00453698	2.01765e+08
19	2.25027e-06	19	0.00557599	1.69678e+08
19	2.25027e-06	20	0.00685294	1.44898e+08
19	2.25027e-06	21	0.00842232	1.26659e+08
19	2.25027e-06	22	0.0103511	9.98212e+07
19	2.25027e-06	23	0.0127216	6.30161e+07
19	2.25027e-06	24	0.015635	4.67887e+07
19	2.25027e-06	25	0.0192155	3.92626e+07
19	2.25027e-06	26	0.023616	2.01349e+07
19	2.25027e-06	27	0.0290243	5.87104e+06
19	2.25027e-06	28	0.0356711	1.39479e+06
19	2.25027e-06	29	0.0438401	141736
19	2.25027e-06	30	0.0538799	12072.5
19	2.25027e-06	31	0.0662189	1302.19
19	2.25027e-06	32	0.0813836	1071.91
19	2.25027e-06	33	0.100021	908.94
19	2.25027e-06	34	0.122927	181.066
19	2.25027e-06	35	0.151078	0
19	2.25027e-06	36	0.185676	0
19	2.25027e-06	37	0.228198	0
19	2.25027e-06	38	0.280457	0
19	2.25027e-06	39	0.344684	0
20	2.63985e-06	0	0.000110861	2.58027e+08
20	2.63985e-06	1	0.000136249	2.60854e+08
20	2.63985e-06	2	0.000167451	2.64551e+08
20	2.63985e-06	3	0.000205799	2.36231e+08
20	2.63985e-06	4	0.000252928	2.38811e+08
20	2.63985e-06	5	0.000310851	2.55243e+08
20	2.63985e-06	6	0.000382039	2.53109e+08
20	2.63985e-06	7	0.000469529	2.29086e+08
20	2.63985e-06	8	0.000577055	2.41741e+08
20	2.63985e-06	9	0.000709206	2.57494e+08
20	2.63985e-06	10	0.00087162	2.47653e+08
20	2.63985e-06	11	0.00107123	2.41417e+08
20	2.63985e-06	12	0.00131655	2.39619e+08
20	2.63985e-06	13	0.00161805	2.41626e+08
20	2.63985e-06	14	0.0019886	2.24829e+08
20	2.63985e-06	15	0.00244401	2.17381e+08
20	2.63985e-06	16	0.0030037	2.12474e+08
20	2.63985e-06	17	0.00369158	1.98774e+08
20	2.63985e-06	18	0.00453698	1.74018e+08
20	2.63985e-06	19	0.00557599	1.51782e+08
20	2.63985e-06	20	0.00685294	1.24764e+08
20	2.63985e-06	21	0.00842232	1.06554e+08
20	2.63985e-06	22	0.0103511	8.9914e+07
20	2.63985e-06	23	0.0127216	6.36209e+07
20	2.63985e-06	24	0.015635	3.86148e+07
20	2.63985e-06	25	0.0192155	2.91547e+07
20	2.63985e-06	26	0.023616	2.11898e+07
20	2.63985e-06	27	0.0290243	8.46216e+06
20	2.63985e-06	28	0.0356711	1.86842e+06
20	2.63985e-06	29	0.0438401	262981
20	2.63985e-06	30	0.0538799	19067.2
20	2.63985e-06	31	0.0662189	2173.63
20	2.63985e-06	32	0.0813836	1454.45
20	2.63985e-06	33	0.100021	401.899
20	2.63985e-06	34	0.122927	131.721
20	2.63985e-06	35	0.151078	107.157
20	2.63985e-06	36	0.185676	0
20	2.63985e-06	37	0.228198	0
20	2.63985e-06	38	0.280457	0
20	2.63985e-06	39	0.344684	0
21	3.09688e-06	0	0.000110861	1.95825e+08
21	3.09688e-06	1	0.000136249	1.91603e+08
21	3.09688e-06	2	0.000167451	1.87756e+08
21	3.09688e-06	3	0.000205799	1.76146e+08
21	3.09688e-06	4	0.000252928	1.82449e+08
21	3.09688e-06	5	0.000310851	1.87424e+08
21	3.09688e-06	6	0.000382039	1.81885e+08
21	3.09688e-06	7	0.000469529	1.7355e+08
21	3.09688e-06	8	0.000577055	1.78255e+08
21	3.09688e-06	9	0.000709206	1.9101e+08
21	3.09688e-06	10	0.00087162	1.90221e+08
21	3.09688e-06	11	0.00107123	1.88276e+08
21	3.09688e-06	12	0.00131655	1.83244e+08
21	3.09688e-06	13	0.00161805	1.86376e+08
21	3.09688e-06	14	0.0019886	1.83636e+08
21	3.09688e-06	15	0.00244401	1.74712e+08
21	3.09688e-06	16	0.0030037	1.70427e+08
21	3.09688e-06	17	0.00369158	1.64154e+08
21	3.09688e-06	18	0.00453698	1.51909e+08
21	3.09688e-06	19	0.00557599	1.29711e+08
21	3.09688e-06	20	0.00685294	1.1113e+08
21	3.09688e-06	21	0.00842232	9.13476e+07
21	3.09688e-06	22	0.0103511	7.57194e+07
21	3.09688e-06	23	0.0127216	6.06519e+07
21	3.09688e-06	24	0.015635	3.91588e+07
21	3.09688e-06	25	0.0192155	2.34233e+07
21	3.09688e-06	26	0.023616	1.68238e+07
21	3.09688e-06	27	0.0290243	9.51891e+06
21	3.09688e-06	28	0.0356711	2.67413e+06
21	3.09688e-06	29	0.0438401	377646
21	3.09688e-06	30	0.0538799	48442.9
21	3.09688e-06	31	0.0662189	4260.89
21	3.09688e-06	32	0.0813836	381.043
21	3.09688e-06	33	0.100021	769.61
21	3.09688e-06	34	0.122927	334.331
21	3.09688e-06	35	0.151078	0
21	3.09688e-06	36	0.185676	0
21	3.09688e-06	37	0.228198	0
21	3.09688e-06	38	0.280457	0
21	3.09688e-06	39	0.344684	0
22	3.63304e-06	0	0.000110861	1.44189e+08
22	3.63304e-06	1	0.000136249	1.3434e+08
22	3.63304e-06	2	0.000167451	1.35945e+08
22	3.63304e-06	3	0.000205799	1.38369e+08
22	3.63304e-06	4	0.000252928	1.34062e+08
22	3.63304e-06	5	0.000310851	1.42077e+08
22	3.63304e-06	6	0.000382039	1.42212e+08
22	3.63304e-06	7	0.000469529	1.41039e+08
22	3.63304e-06	8	0.000577055	1.39427e+08
22	3.63304e-06	9	0.000709206	1.4003e+08
22	3.63304e-06	10	0.00087162	1.43083e+08
22	3.63304e-06	11	0.00107123	1.43686e+08
22	3.63304e-06	12	0.00131655	1.43013e+08
22	3.63304e-06	13	0.00161805	1.41262e+08
22	3.63304e-06	14	0.0019886	1.40134e+08
22	3.63304e-06	15	0.00244401	1.39227e+08
22	3.63304e-06	16	0.0030037	1.34629e+08
22	3.63304e-06	17	0.00369158	1.32359e+08
22	3.63304e-06	18	0.00453698	1.25128e+08
22	3.63304e-06	19	0.00557599	1.1101e+08
22	3.63304e-06	20	0.00685294	9.6899e+07
22	3.63304e-06	21	0.00842232	8.16356e+07
22	3.63304e-06	22	0.0103511	6.48196e+07
22	3.63304e-06	23	0.0127216	5.29338e+07
22	3.63304e-06	24	0.015635	3.98884e+07
22	3.63304e-06	25	0.0192155	2.32274e+07
22	3.63304e-06	26	0.023616	1.32805e+07
22	3.63304e-06	27	0.0290243	8.41374e+06
22	3.63304e-06	28	0.0356711	3.43247e+06
22	3.63304e-06	29	0.0438401	628625
22	3.63304e-06	30	0.0538799	67824.4
22	3.63304e-06	31	0.0662189	7041.72
22	3.63304e-06	32	0.0813836	706.589
22	3.63304e-06	33	0.100021	439.91
22	3.63304e-06	34	0.122927	101.718
22	3.63304e-06	35	0.151078	0
22	3.63304e-06	36	0.185676	90.3385
22	3.63304e-06	37	0.228198	0
22	3.63304e-06	38	0.280457	0
22	3.63304e-06	39	0.344684	0
23	4.26202e-06	0	0.000110861	1.01609e+08
23	4.26202e-06	1	0.000136249	1.07321e+08
23	4.26202e-06	2	0.000167451	1.01848e+08
23	4.26202e-06	3	0.000205799	1.03247e+08
23	4.26202e-06	4	0.000252928	1.0278e+08
23	4.26202e-06	5	0.000310851	1.05465e+08
23	4.26202e-06	6	0.000382039	1.06643e+08
23	4.26202e-06	7	0.000469529	1.06794e+08
23	4.26202e-06	8	0.000577055	1.06492e+08
23	4.26202e-06	9	0.000709206	1.06513e+08
23	4.26202e-06	10	0.00087162	1.08437e+08
23	4.26202e-06	11	0.00107123	1.0851e+08
23	4.26202e-06	12	0.00131655	1.09588e+08
23	4.26202e-06	13	0.00161805	1.08856e+08
23	4.26202e-06	14	0.0019886	1.09305e+08
23	4.26202e-06	15	0.00244401	1.08277e+08
23	4.26202e-06	16	0.0030037	1.08017e+08
23	4.26202e-06	17	0.00369158	1.05496e+08
23	4.26202e-06	18	0.00453698	9.86147e+07
23	4.26202e-06	19	0.00557599	9.11143e+07
23	4.26202e-06	20	0.00685294	8.10616e+07
23	4.26202e-06	21	0.00842232	7.08203e+07
23	4.26202e-06	22	0.0103511	5.7723e+07
23	4.26202e-06	23	0.0127216	4.65309e+07
23	4.26202e-06	24	0.015635	3.67133e+07
23	4.26202e-06	25	0.0192155	2.43547e+07
23	4.26202e-06	26	0.023616	1.34309e+07
23	4.26202e-06	27	0.0290243	7.09967e+06
23	4.26202e-06	28	0.0356711	3.23093e+06
23	4.26202e-06	29	0.0438401	1.00924e+06
23	4.26202e-06	30	0.0538799	94784.2
23	4.26202e-06	31	0.0662189	14917.9
23	4.26202e-06	32	0.0813836	1205.48
23	4.26202e-06	33	0.100021	804.037
23	4.26202e-06	34	0.122927	123.745
23	4.26202e-06	35	0.151078	158.339
23	4.26202e-06	36	0.185676	0
23	4.26202e-06	37	0.228198	26.3487
23	4.26202e-06	38	0.280457	0
23	4.26202e-06	39	0.344684	0
24	4.99989e-06	0	0.000110861	1.0176e+08
24	4.99989e-06	1	0.000136249	1.02824e+08
24	4.99989e-06	2	0.000167451	9.95861e+07
24	4.99989e-06	3	0.000205799	9.86907e+07
24	4.99989e-06	4	0.000252928	1.01446e+08
24	4.99989e-06	5	0.000310851	1.00513e+08
24	4.99989e-06	6	0.000382039	1.05552e+08
24	4.99989e-06	7	0.000469529	1.02958e+08
24	4.99989e-06	8	0.000577055	1.01533e+08
24	4.99989e-06	9	0.000709206	1.00561e+08
24	4.99989e-06	10	0.00087162	1.00342e+08
24	4.99989e-06	11	0.00107123	1.04663e+08
24	4.99989e-06	12	0.00131655	1.07342e+08
24	4.99989e-06	13	0.00161805	1.04726e+08
24	4.99989e-06	14	0.0019886	9.99497e+07
24	4.99989e-06	15	0.00244401	9.79092e+07
24	4.99989e-06	16	0.0030037	9.16124e+07
24	4.99989e-06	17	0.00369158	8.52893e+07
24	4.99989e-06	18	0.00453698	7.609e+07
24	4.99989e-06	19	0.00557599	6.95881e+07
24	4.99989e-06	20	0.00685294	6.36782e+07
24	4.99989e-06	21	0.00842232	5.58759e+07
24	4.99989e-06	22	0.0103511	4.8429e+07
24	4.99989e-06	23	0.0127216	3.85205e+07
24	4.99989e-06	24	0.015635	3.00822e+07
24	4.99989e-06	25	0.0192155	2.17322e+07
24	4.99989e-06	26	0.023616	1.32004e+07
24	4.99989e-06	27	0.0290243	6.77814e+06
24	4.99989e-06	28	0.0356711	2.75279e+06
24	4.99989e-06	29	0.0438401	981088
24	4.99989e-06	30	0.0538799	191617
24	4.99989e-06	31	0.0662189	16069.7
24	4.99989e-06	32	0.0813836	4244.77
24	4.99989e-06	33	0.100021	511.742
24	4.99989e-06	34	0.122927	246.965
24	4.99989e-06	35	0.151078	38.4004
24	4.99989e-06	36	0.185676	0
24	4.99989e-06	37	0.228198	17.0567
24	4.99989e-06	38	0.280457	0
24	4.99989e-06	39	0.344684	0
25	5.86551e-06	0	0.000110861	8.32378e+07
25	5.86551e-06	1	0.000136249	8.18693e+07
25	5.86551e-06	2	0.000167451	8.34443e+07
25	5.86551e-06	3	0.000205799	8.18183e+07
25	5.86551e-06	4	0.000252928	8.28733e+07
25	5.86551e-06	5	0.000310851	8.32305e+07
25	5.86551e-06	6	0.000382039	8.82815e+07
25	5.86551e-06	7	0.000469529	8.4725e+07
25	5.86551e-06	8	0.000577055	8.38325e+07
25	5.86551e-06	9	0.000709206	8.32711e+07
25	5.86551e-06	10	0.00087162	8.38717e+07
25	5.86551e-06	11	0.00107123	8.20076e+07
25	5.86551e-06	12	0.00131655	7.76398e+07
25	5.86551e-06	13	0.00161805	7.51171e+07
25	5.86551e-06	14	0.0019886	7.38635e+07
25	5.86551e-06	15	0.00244401	6.97231e+07
25	5.86551e-06	16	0.0030037	6.42158e+07
25	5.86551e-06	17	0.00369158	6.11861e+07
25	5.86551e-06	18	0.00453698	5.77895e+07
25	5.86551e-06	19	0.00557599	5.47597e+07
25	5.86551e-06	20	0.00685294	5.23521e+07
25	5.86551e-06	21	0.00842232	4.81011e+07
25	5.86551e-06	22	0.0103511	4.32824e+07
25	5.86551e-06	23	0.0127216	3.57977e+07
25	5.86551e-06	24	0.015635	2.78425e+07
25	5.86551e-06	25	0.0192155	2.06416e+07
25	5.86551e-06	26	0.023616	1.3616e+07
25	5.86551e-06	27	0.0290243	7.52452e+06
25	5.86551e-06	28	0.0356711	2.98272e+06
25	5.86551e-06	29	0.0438401	838976
25	5.86551e-06	30	0.0538799	197759
25	5.86551e-06	31	0.0662189	38308.5
25	5.86551e-06	32	0.0813836	3246.6
25	5.86551e-06	33	0.100021	1125.62
25	5.86551e-06	34	0.122927	304.854
25	5.86551e-06	35	0.151078	80.4645
25	5.86551e-06	36	0.185676	46.4739
25	5.86551e-06	37	0.228198	0
25	5.86551e-06	38	0.280457	0
25	5.86551e-06	39	0.344684	0
26	6.88099e-06	0	0.000110861	5.17261e+07
26	6.88099e-06	1	0.000136249	5.16872e+07
26	6.88099e-06	2	0.000167451	5.36934e+07
26	6.88099e-06	3	0.000205799	5.24936e+07
26	6.88099e-06	4	0.000252928	5.28746e+07
26	6.88099e-06	5	0.000310851	5.42085e+07
26	6.88099e-06	6	0.000382039	5.21484e+07
26	6.88099e-06	7	0.000469529	5.21821e+07
26	6.88099e-06	8	0.000577055	5.15331e+07
26	6.88099e-06	9	0.000709206	5.15853e+07
26	6.88099e-06	10	0.00087162	5.03999e+07
26	6.88099e-06	11	0.00107123	5.14847e+07
26	6.88099e-06	12	0.00131655	5.12568e+07
26	6.88099e-06	13	0.00161805	5.1004e+07
26	6.88099e-06	14	0.0019886	5.15984e+07
26	6.88099e-06	15	0.00244401	5.04001e+07
26	6.88099e-06	16	0.0030037	4.83924e+07
26	6.88099e-06	17	0.00369158	4.61402e+07
26	6.88099e-06	18	0.00453698	4.52655e+07
26	6.88099e-06	19	0.00557599	4.32261e+07
26	6.88099e-06	20	0.00685294	4.1813e+07
26	6.88099e-06	21	0.00842232	4.07091e+07
26	6.88099e-06	22	0.0103511	3.7706e+07
26	6.88099e-06	23	0.0127216	3.36436e+07
26	6.88099e-06	24	0.015635	2.66697e+07
26	6.88099e-06	25	0.0192155	2.01457e+07
26	6.88099e-06	26	0.023616	1.37275e+07
26	6.88099e-06	27	0.0290243	7.9533e+06
26	6.88099e-06	28	0.0356711	3.56119e+06
26	6.88099e-06	29	0.0438401	995971
26	6.88099e-06	30	0.0538799	188907
26	6.88099e-06	31	0.0662189	36767.9
26	6.88099e-06	32	0.0813836	5582.01
26	6.88099e-06	33	0.100021	1163.93
26	6.88099e-06	34	0.122927	474.75
26	6.88099e-06	35	0.151078	146.92
26	6.88099e-06	36	0.185676	35.4749
26	6.88099e-06	37	0.228198	0
26	6.88099e-06	38	0.280457	0
26	6.88099e-06	39	0.344684	0
27	8.07228e-06	0	0.000110861	3.41381e+07
27	8.07228e-06	1	0.000136249	3.28814e+07
27	8.07228e-06	2	0.000167451	3.37632e+07
27	8.07228e-06	3	0.000205799	3.39176e+07
27	8.07228e-06	4	0.000252928	3.43153e+07
27	8.07228e-06	5	0.000310851	3.29466e+07
27	8.07228e-06	6	0.000382039	3.292e+07
27	8.07228e-06	7	0.000469529	3.36374e+07
27	8.07228e-06	8	0.000577055	3.53039e+07
27	8.07228e-06	9	0.000709206	3.46313e+07
27	8.07228e-06	10	0.00087162	3.39691e+07
27	8.07228e-06	11	0.00107123	3.37806e+07
27	8.07228e-06	12	0.00131655	3.45184e+07
27	8.07228e-06	13	0.00161805	3.5402e+07
27	8.07228e-06	14	0.0019886	3.44621e+07
27	8.07228e-06	15	0.00244401	3.46486e+07
27	8.07228e-06	16	0.0030037	3.47027e+07
27	8.07228e-06	17	0.00369158	3.45685e+07
27	8.07228e-06	18	0.00453698	3.42601e+07
27	8.07228e-06	19	0.00557599	3.40756e+07
27	8.07228e-06	20	0.00685294	3.33577e+07
27	8.07228e-06	21	0.00842232	3.25184e+07
27	8.07228e-06	22	0.0103511	3.1192e+07
27	8.07228e-06	23	0.0127216	2.91868e+07
27	8.07228e-06	24	0.015635	2.5095e+07
27	8.07228e-06	25	0.0192155	1.95929e+07
27	8.07228e-06	26	0.023616	1.36428e+07
27	8.07228e-06	27	0.0290243	8.40668e+06
27	8.07228e-06	28	0.0356711	3.88219e+06
27	8.07228e-06	29	0.0438401	1.26335e+06
27	8.07228e-06	30	0.0538799	210760
27	8.07228e-06	31	0.0662189	29301.9
27	8.07228e-06	32	0.0813836	7010.36
27	8.07228e-06	33	0.100021	1099.41
27	8.07228e-06	34	0.122927	466.764
27	8.07228e-06	35	0.151078	77.5013
27	8.07228e-06	36	0.185676	36.4668
27	8.07228e-06	37	0.228198	0
27	8.07228e-06	38	0.280457	0
27	8.07228e-06	39	0.344684	4.69575
28	9.46982e-06	0	0.000110861	2.60521e+07
28	9.46982e-06	1	0.000136249	2.63634e+07
28	9.46982e-06	2	0.000167451	2.52435e+07
28	9.46982e-06	3	0.000205799	2.44132e+07
28	9.46982e-06	4	0.000252928	2.55645e+07
28	9.46982e-06	5	0.000310851	2.49704e+07
28	9.46982e-06	6	0.000382039	2.50834e+07
28	9.46982e-06	7	0.000469529	2.56225e+07
28	9.46982e-06	8	0.000577055	2.55804e+07
28	9.46982e-06	9	0.000709206	2.53515e+07
28	9.46982e-06	10	0.00087162	2.49732e+07
28	9.46982e-06	11	0.00107123	2.48001e+07
28	9.46982e-06	12	0.00131655	2.51016e+07
28	9.46982e-06	13	0.00161805	2.46803e+07
28	9.46982e-06	14	0.0019886	2.50272e+07
28	9.46982e-06	15	0.00244401	2.50637e+07
28	9.46982e-06	16	0.0030037	2.55744e+07
28	9.46982e-06	17	0.00369158	2.5203e+07
28	9.46982e-06	18	0.00453698	2.56443e+07
28	9.46982e-06	19	0.00557599	2.53614e+07
28	9.46982e-06	20	0.00685294	2.54245e+07
28	9.46982e-06	21	0.00842232	2.51357e+07
28	9.46982e-06	22	0.0103511	2.47609e+07
28	9.46982e-06	23	0.0127216	2.37351e+07
28	9.46982e-06	24	0.015635	2.1905e+07
28	9.46982e-06	25	0.0192155	1.84834e+07
28	9.46982e-06	26	0.023616	1.38123e+07
28	9.46982e-06	27	0.0290243	8.7461e+06
28	9.46982e-06	28	0.0356711	4.21238e+06
28	9.46982e-06	29	0.0438401	1.45376e+06
28	9.46982e-06	30	0.0538799	284397
28	9.46982e-06	31	0.0662189	30113.5
28	9.46982e-06	32	0.0813836	5043.02
28	9.46982e-06	33	0.100021	1244.72
28	9.46982e-06	34	0.122927	424.967
28	9.46982e-06	35	0.151078	147.906
28	9.46982e-06	36	0.185676	33.8728
28	9.46982e-06	37	0.228198	13.2722
28	9.46982e-06	38	0.280457	6.30583
28	9.46982e-06	39	0.344684	0
29	1.11093e-05	0	0.000110861	1.90083e+07
29	1.11093e-05	1	0.000136249	1.84985e+07
29	1.11093e-05	2	0.000167451	1.86139e+07
29	1.11093e-05	3	0.000205799	1.85947e+07
29	1.11093e-05	4	0.000252928	1.92039e+07
29	1.11093e-05	5	0.000310851	1.92794e+07
29	1.11093e-05	6	0.000382039	1.87814e+07
29	1.11093e-05	7	0.000469529	1.91001e+07
29	1.11093e-05	8	0.000577055	1.93197e+07
29	1.11093e-05	9	0.000709206	1.89623e+07
29	1.11093e-05	10	0.00087162	1.91271e+07
29	1.11093e-05	11	0.00107123	1.91822e+07
29	1.11093e-05	12	0.00131655	1.92654e+07
29	1.11093e-05	13	0.00161805	1.94485e+07
29	1.11093e-05	14	0.0019886	1.9484e+07
29	1.11093e-05	15	0.00244401	1.95732e+07
29	1.11093e-05	16	0.0030037	1.92678e+07
29	1.11093e-05	17	0.00369158	1.8858e+07
29	1.11093e-05	18	0.00453698	1.88554e+07
29	1.11093e-05	19	0.00557599	1.89928e+07
29	1.11093e-05	20	0.00685294	1.92402e+07
29	1.11093e-05	21	0.00842232	1.9351e+07
29	1.11093e-05	22	0.0103511	1.9151e+07
29	1.11093e-05	23	0.0127216	1.87967e+07
29	1.11093e-05	24	0.015635	1.78546e+07
29	1.11093e-05	25	0.0192155	1.65246e+07
29	1.11093e-05	26	0.023616	1.33787e+07
29	1.11093e-05	27	0.0290243	8.83679e+06
29	1.11093e-05	28	0.0356711	4.68602e+06
29	1.11093e-05	29	0.0438401	1.65413e+06
29	1.11093e-05	30	0.0538799	353074
29	1.11093e-05	31	0.0662189	42744.1
29	1.11093e-05	32	0.0813836	5096.69
29	1.11093e-05	33	0.100021	667.326
29	1.11093e-05	34	0.122927	186.749
29	1.11093e-05	35	0.151078	82.0161
29	1.11093e-05	36	0.185676	39.199
29	1.11093e-05	37	0.228198	58.4405
29	1.11093e-05	38	0.280457	6.60982
29	1.11093e-05	39	0.344684	0
30	1.30326e-05	0	0.000110861	1.39687e+07
30	1.30326e-05	1	0.000136249	1.4046e+07
30	1.30326e-05	2	0.000167451	1.39856e+07
30	1.30326e-05	3	0.000205799	1.48789e+07
30	1.30326e-05	4	0.000252928	1.41241e+07
30	1.30326e-05	5	0.000310851	1.37768e+07
30	1.30326e-05	6	0.000382039	1.40762e+07
30	1.30326e-05	7	0.000469529	1.39414e+07
30	1.30326e-05	8	0.000577055	1.35194e+07
30	1.30326e-05	9	0.000709206	1.39788e+07
30	1.30326e-05	10	0.00087162	1.39582e+07
30	1.30326e-05	11	0.00107123	1.41302e+07
30	1.30326e-05	12	0.00131655	1.41105e+07
30	1.30326e-05	13	0.00161805	1.41035e+07
30	1.30326e-05	14	0.0019886	1.38872e+07
30	1.30326e-05	15	0.00244401	1.3892e+07
30	1.30326e-05	16	0.0030037	1.40299e+07
30	1.30326e-05	17	0.00369158	1.41835e+07
30	1.30326e-05	18	0.00453698	1.44002e+07
30	1.30326e-05	19	0.00557599	1.46396e+07
30	1.30326e-05	20	0.00685294	1.48778e+07
30	1.30326e-05	21	0.00842232	1.52016e+07
30	1.30326e-05	22	0.0103511	1.52545e+07
30	1.30326e-05	23	0.0127216	1.49601e+07
30	1.30326e-05	24	0.015635	1.44659e+07
30	1.30326e-05	25	0.0192155	1.3682e+07
30	1.30326e-05	26	0.023616	1.20525e+07
30	1.30326e-05	27	0.0290243	8.88259e+06
30	1.30326e-05	28	0.0356711	5.0666e+06
30	1.30326e-05	29	0.0438401	1.99721e+06
30	1.30326e-05	30	0.0538799	428193
30	1.30326e-05	31	0.0662189	59853
30	1.30326e-05	32	0.0813836	6857.98
30	1.30326e-05	33	0.100021	461.037
30	1.30326e-05	34	0.122927	187.176
30	1.30326e-05	35	0.151078	100.444
30	1.30326e-05	36	0.185676	23.8356
30	1.30326e-05	37	0.228198	23.4579
30	1.30326e-05	38	0.280457	0
30	1.30326e-05	39	0.344684	0
31	1.5289e-05	0	0.000110861	1.06989e+07
31	1.5289e-05	1	0.000136249	1.0985e+07
31	1.5289e-05	2	0.000167451	1.1037e+07
31	1.5289e-05	3	0.000205799	1.12731e+07
31	1.5289e-05	4	0.000252928	1.07024e+07
31	1.5289e-05	5	0.000310851	1.08112e+07
31	1.5289e-05	6	0.000382039	1.04706e+07
31	1.5289e-05	7	0.000469529	1.06811e+07
31	1.5289e-05	8	0.000577055	1.06916e+07
31	1.5289e-05	9	0.000709206	1.08355e+07
31	1.5289e-05	10	0.00087162	1.06819e+07
31	1.5289e-05	11	0.00107123	1.0704e+07
31	1.5289e-05	12	0.00131655	1.07804e+07
31	1.5289e-05	13	0.00161805	1.09464e+07
31	1.5289e-05	14	0.0019886	1.08263e+07
31	1.5289e-05	15	0.00244401	1.08246e+07
31	1.5289e-05	16	0.0030037	1.11088e+07
31	1.5289e-05	17	0.00369158	1.12163e+07
31	1.5289e-05	18	0.00453698	1.14493e+07
31	1.5289e-05	19	0.00557599	1.16734e+07
31	1.5289e-05	20	0.00685294	1.19685e+07
31	1.5289e-05	21	0.00842232	1.21857e+07
31	1.5289e-05	22	0.0103511	1.22497e+07
31	1.5289e-05	23	0.0127216	1.21419e+07
31	1.5289e-05	24	0.015635	1.15449e+07
31	1.5289e-05	25	0.0192155	1.06848e+07
31	1.5289e-05	26	0.023616	9.79536e+06
31	1.5289e-05	27	0.0290243	8.14919e+06
31	1.5289e-05	28	0.0356711	5.4035e+06
31	1.5289e-05	29	0.0438401	2.3505e+06
31	1.5289e-05	30	0.0538799	581239
31	1.5289e-05	31	0.0662189	76480
31	1.5289e-05	32	0.0813836	8776.74
31	1.5289e-05	33	0.100021	782.317
31	1.5289e-05	34	0.122927	179.267
31	1.5289e-05	35	0.151078	110.423
31	1.5289e-05	36	0.185676	7.96329
31	1.5289e-05	37	0.228198	0
31	1.5289e-05	38	0.280457	10.2503
31	1.5289e-05	39	0.344684	0
32	1.79359e-05	0	0.000110861	9.73319e+06
32	1.79359e-05	1	0.000136249	9.38884e+06
32	1.79359e-05	2	0.000167451	9.82967e+06
32	1.79359e-05	3	0.000205799	9.68182e+06
32	1.79359e-05	4	0.000252928	9.55624e+06
32	1.79359e-05	5	0.000310851	9.5282e+06
32	1.79359e-05	6	0.000382039	9.18243e+06
32	1.79359e-05	7	0.000469529	9.46354e+06
32	1.79359e-05	8	0.000577055	9.54992e+06
32	1.79359e-05	9	0.000709206	9.3387e+06
32	1.79359e-05	10	0.00087162	9.55152e+06
32	1.79359e-05	11	0.00107123	9.58614e+06
32	1.79359e-05	12	0.00131655	9.49349e+06
32	1.79359e-05	13	0.00161805	9.49875e+06
32	1.79359e-05	14	0.0019886	9.52679e+06
32	1.79359e-05	15	0.00244401	9.77406e+06
32	1.79359e-05	16	0.0030037	9.6709e+06
32	1.79359e-05	17	0.00369158	9.82496e+06
32	1.79359e-05	18	0.00453698	9.94071e+06
32	1.79359e-05	19	0.00557599	1.0061e+07
32	1.79359e-05	20	0.00685294	1.03012e+07
32	1.79359e-05	21	0.00842232	1.04806e+07
32	1.79359e-05	22	0.0103511	1.03888e+07
32	1.79359e-05	23	0.0127216	1.01883e+07
32	1.79359e-05	24	0.015635	9.47062e+06
32	1.79359e-05	25	0.0192155	8.41896e+06
32	1.79359e-05	26	0.023616	7.31231e+06
32	1.79359e-05	27	0.0290243	6.37189e+06
32	1.79359e-05	28	0.0356711	4.87322e+06
32	1.79359e-05	29	0.0438401	2.61137e+06
32	1.79359e-05	30	0.0538799	771293
32	1.79359e-05	31	0.0662189	103560
32	1.79359e-05	32	0.0813836	10567.9
32	1.79359e-05	33	0.100021	1281.44
32	1.79359e-05	34	0.122927	246.18
32	1.79359e-05	35	0.151078	77.516
32	1.79359e-05	36	0.185676	10.6197
32	1.79359e-05	37	0.228198	17.1668
32	1.79359e-05	38	0.280457	0
32	1.79359e-05	39	0.344684	0
33	2.10411e-05	0	0.000110861	9.28693e+06
33	2.10411e-05	1	0.000136249	9.18243e+06
33	2.10411e-05	2	0.000167451	9.03065e+06
33	2.10411e-05	3	0.000205799	9.23307e+06
33	2.10411e-05	4	0.000252928	9.59309e+06
33	2.10411e-05	5	0.000310851	9.39512e+06
33	2.10411e-05	6	0.000382039	9.1348e+06
33	2.10411e-05	7	0.000469529	9.33341e+06
33	2.10411e-05	8	0.000577055	9.50725e+06
33	2.10411e-05	9	0.000709206	9.42272e+06
33	2.10411e-05	10	0.00087162	9.2345e+06
33	2.10411e-05	11	0.00107123	9.28191e+06
33	2.10411e-05	12	0.00131655	9.11227e+06
33	2.10411e-05	13	0.00161805	9.35799e+06
33	2.10411e-05	14	0.0019886	9.35899e+06
33	2.10411e-05	15	0.00244401	9.29156e+06
33	2.10411e-05	16	0.0030037	9.38259e+06
33	2.10411e-05	17	0.00369158	9.39382e+06
33	2.10411e-05	18	0.00453698	9.44887e+06
33	2.10411e-05	19	0.00557599	9.49606e+06
33	2.10411e-05	20	0.00685294	9.48406e+06
33	2.10411e-05	21	0.00842232	9.51187e+06
33	2.10411e-05	22	0.0103511	9.43487e+06
33	2.10411e-05	23	0.0127216	8.99021e+06
33	2.10411e-05	24	0.015635	8.21915e+06
33	2.10411e-05	25	0.0192155	7.01605e+06
33	2.10411e-05	26	0.023616	5.57593e+06
33	2.10411e-05	27	0.0290243	4.45434e+06
33	2.10411e-05	28	0.0356711	3.52681e+06
33	2.10411e-05	29	0.0438401	2.30177e+06
33	2.10411e-05	30	0.0538799	821774
33	2.10411e-05	31	0.0662189	141339
33	2.10411e-05	32	0.0813836	14285.7
33	2.10411e-05	33	0.100021	1438.69
33	2.10411e-05	34	0.122927	195.127
33	2.10411e-05	35	0.151078	53.4787
33	2.10411e-05	36	0.185676	43.5256
33	2.10411e-05	37	0.228198	4.44761
33	2.10411e-05	38	0.280457	0
33	2.10411e-05	39	0.344684	7.61056
34	2.46839e-05	0	0.000110861	9.56171e+06
34	2.46839e-05	1	0.000136249	9.98551e+06
34	2.46839e-05	2	0.000167451	9.66252e+06
34	2.46839e-05	3	0.000205799	9.61162e+06
34	2.46839e-05	4	0.000252928	9.40398e+06
34	2.46839e-05	5	0.000310851	9.66663e+06
34	2.46839e-05	6	0.000382039	9.96018e+06
34	2.46839e-05	7	0.000469529	9.41659e+06
34	2.46839e-05	8	0.000577055	9.37795e+06
34	2.46839e-05	9	0.000709206	9.68479e+06
34	2.46839e-05	10	0.00087162	9.40467e+06
34	2.46839e-05	11	0.00107123	9.59016e+06
34	2.46839e-05	12	0.00131655	9.5373e+06
34	2.46839e-05	13	0.00161805	9.59121e+06
34	2.46839e-05	14	0.0019886	9.48083e+06
34	2.46839e-05	15	0.00244401	9.57277e+06
34	2.46839e-05	16	0.0030037	9.48505e+06
34	2.46839e-05	17	0.00369158	9.58252e+06
34	2.46839e-05	18	0.00453698	9.50396e+06
34	2.46839e-05	19	0.00557599	9.4519e+06
34	2.46839e-05	20	0.00685294	9.38722e+06
34	2.46839e-05	21	0.00842232	9.25478e+06
34	2.46839e-05	22	0.0103511	8.89481e+06
34	2.46839e-05	23	0.0127216	8.36425e+06
34	2.46839e-05	24	0.015635	7.3597e+06
34	2.46839e-05	25	0.0192155	5.79332e+06
34	2.46839e-05	26	0.023616	4.19329e+06
34	2.46839e-05	27	0.0290243	2.97185e+06
34	2.46839e-05	28	0.0356711	2.18201e+06
34	2.46839e-05	29	0.0438401	1.42516e+06
34	2.46839e-05	30	0.0538799	733776
34	2.46839e-05	31	0.0662189	186009
34	2.46839e-05	32	0.0813836	21093.2
34	2.46839e-05	33	0.100021	1711.11
34	2.46839e-05	34	0.122927	184.687
34	2.46839e-05	35	0.151078	109.002
34	2.46839e-05	36	0.185676	34.2179
34	2.46839e-05	37	0.228198	11.106
34	2.46839e-05	38	0.280457	4.49556
34	2.46839e-05	39	0.344684	0
35	2.89574e-05	0	0.000110861	9.79653e+06
35	2.89574e-05	1	0.000136249	1.00095e+07
35	2.89574e-05	2	0.000167451	1.00408e+07
35	2.89574e-05	3	0.000205799	9.67924e+06
35	2.89574e-05	4	0.000252928	1.01051e+07
35	2.89574e-05	5	0.000310851	1.00158e+07
35	2.89574e-05	6	0.000382039	9.83695e+06
35	2.89574e-05	7	0.000469529	9.62802e+06
35	2.89574e-05	8	0.000577055	1.00475e+07
35	2.89574e-05	9	0.000709206	1.03198e+07
35	2.89574e-05	10	0.00087162	9.64808e+06
35	2.89574e-05	11	0.00107123	1.02128e+07
35	2.89574e-05	12	0.00131655	1.00242e+07
35	2.89574e-05	13	0.00161805	1.01498e+07
35	2.89574e-05	14	0.0019886	9.89296e+06
35	2.89574e-05	15	0.00244401	9.86441e+06
35	2.89574e-05	16	0.0030037	9.84956e+06
35	2.89574e-05	17	0.00369158	9.77487e+06
35	2.89574e-05	18	0.00453698	9.78274e+06
35	2.89574e-05	19	0.00557599	9.5281e+06
35	2.89574e-05	20	0.00685294	9.31873e+06
35	2.89574e-05	21	0.00842232	8.91027e+06
35	2.89574e-05	22	0.0103511	8.3873e+06
35	2.89574e-05	23	0.0127216	7.53065e+06
35	2.89574e-05	24	0.015635	6.21253e+06
35	2.89574e-05	25	0.0192155	4.65468e+06
35	2.89574e-05	26	0.023616	3.20501e+06
35	2.89574e-05	27	0.0290243	2.00771e+06
35	2.89574e-05	28	0.0356711	1.27227e+06
35	2.89574e-05	29	0.0438401	750433
35	2.89574e-05	30	0.0538799	425044
35	2.89574e-05	31	0.0662189	162435
35	2.89574e-05	32	0.0813836	29699.8
35	2.89574e-05	33	0.100021	2403.7
35	2.89574e-05	34	0.122927	269.956
35	2.89574e-05	35	0.151078	192.064
35	2.89574e-05	36	0.185676	33.4961
35	2.89574e-05	37	0.228198	18.2591
35	2.89574e-05	38	0.280457	7.41998
35	2.89574e-05	39	0.344684	0
36	3.39707e-05	0	0.000110861	9.83148e+06
36	3.39707e-05	1	0.000136249	1.04007e+07
36	3.39707e-05	2	0.000167451	9.93611e+06
36	3.39707e-05	3	0.000205799	1.02237e+07
36	3.39707e-05	4	0.000252928	9.61238e+06
36	3.39707e-05	5	0.000310851	1.04427e+07
36	3.39707e-05	6	0.000382039	9.80051e+06
36	3.39707e-05	7	0.000469529	9.19581e+06
36	3.39707e-05	8	0.000577055	9.69892e+06
36	3.39707e-05	9	0.000709206	9.49525e+06
36	3.39707e-05	10	0.00087162	9.68803e+06
36	3.39707e-05	11	0.00107123	9.75907e+06
36	3.39707e-05	12	0.00131655	9.72577e+06
36	3.39707e-05	13	0.00161805	9.36057e+06
36	3.39707e-05	14	0.0019886	9.56814e+06
36	3.39707e-05	15	0.00244401	9.59413e+06
36	3.39707e-05	16	0.0030037	9.4584e+06
36	3.39707e-05	17	0.00369158	9.40084e+06
36	3.39707e-05	18	0.00453698	9.1448e+06
36	3.39707e-05	19	0.00557599	9.02956e+06
36	3.39707e-05	20	0.00685294	8.71649e+06
36	3.39707e-05	21	0.00842232	8.2591e+06
36	3.39707e-05	22	0.0103511	7.47433e+06
36	3.39707e-05	23	0.0127216	6.53152e+06
36	3.39707e-05	24	0.015635	5.16913e+06
36	3.39707e-05	25	0.0192155	3.87887e+06
36	3.39707e-05	26	0.023616	2.51466e+06
36	3.39707e-05	27	0.0290243	1.4924e+06
36	3.39707e-05	28	0.0356711	767075
36	3.39707e-05	29	0.0438401	392275
36	3.39707e-05	30	0.0538799	209107
36	3.39707e-05	31	0.0662189	114771
36	3.39707e-05	32	0.0813836	35699.4
36	3.39707e-05	33	0.100021	6821.71
36	3.39707e-05	34	0.122927	308.576
36	3.39707e-05	35	0.151078	94.0984
36	3.39707e-05	36	0.185676	76.8706
36	3.39707e-05	37	0.228198	0
36	3.39707e-05	38	0.280457	0
36	3.39707e-05	39	0.344684	0
37	3.9852e-05	0	0.000110861	8.82954e+06
37	3.9852e-05	1	0.000136249	7.18506e+06
37	3.9852e-05	2	0.000167451	9.44254e+06
37	3.9852e-05	3	0.000205799	8.70735e+06
37	3.9852e-05	4	0.000252928	8.1564e+06
37	3.9852e-05	5	0.000310851	7.9933e+06
37	3.9852e-05	6	0.000382039	8.82973e+06
37	3.9852e-05	7	0.000469529	8.4998e+06
37	3.9852e-05	8	0.000577055	7.80227e+06
37	3.9852e-05	9	0.000709206	7.75153e+06
37	3.9852e-05	10	0.00087162	8.12088e+06
37	3.9852e-05	11	0.00107123	7.77408e+06
37	3.9852e-05	12	0.00131655	8.7502e+06
37	3.9852e-05	13	0.00161805	8.32966e+06
37	3.9852e-05	14	0.0019886	8.36874e+06
37	3.9852e-05	15	0.00244401	8.24449e+06
37	3.9852e-05	16	0.0030037	8.52363e+06
37	3.9852e-05	17	0.00369158	8.09767e+06
37	3.9852e-05	18	0.00453698	7.98628e+06
37	3.9852e-05	19	0.00557599	7.80015e+06
37	3.9852e-05	20	0.00685294	7.56631e+06
37	3.9852e-05	21	0.00842232	6.93438e+06
37	3.9852e-05	22	0.0103511	6.51402e+06
37	3.9852e-05	23	0.0127216	5.51816e+06
37	3.9852e-05	24	0.015635	4.51638e+06
37	3.9852e-05	25	0.0192155	3.32494e+06
37	3.9852e-05	26	0.023616	2.11961e+06
37	3.9852e-05	27	0.0290243	1.18289e+06
37	3.9852e-05	28	0.0356711	650049
37	3.9852e-05	29	0.0438401	314052
37	3.9852e-05	30	0.0538799	126821
37	3.9852e-05	31	0.0662189	87406.5
37	3.9852e-05	32	0.0813836	40334.4
37	3.9852e-05	33	0.100021	6022.21
37	3.9852e-05	34	0.122927	245.27
37	3.9852e-05	35	0.151078	99.9643
37	3.9852e-05	36	0.185676	0
37	3.9852e-05	37	0.228198	0
37	3.9852e-05	38	0.280457	0
37	3.9852e-05	39	0.344684	0
38	4.67514e-05	0	0.000110861	4.15123e+06
38	4.67514e-05	1	0.000136249	3.86031e+06
38	4.67514e-05	2	0.000167451	8.24511e+06
38	4.67514e-05	3	0.000205799	7.34809e+06
38	4.67514e-05	4	0.000252928	7.53888e+06
38	4.67514e-05	5	0.000310851	5.71079e+06
38	4.67514e-05	6	0.000382039	6.19587e+06
38	4.67514e-05	7	0.000469529	5.74142e+06
38	4.67514e-05	8	0.000577055	7.29196e+06
38	4.67514e-05	9	0.000709206	6.58193e+06
38	4.67514e-05	10	0.00087162	7.16799e+06
38	4.67514e-05	11	0.00107123	7.18245e+06
38	4.67514e-05	12	0.00131655	6.19317e+06
38	4.67514e-05	13	0.00161805	6.21712e+06
38	4.67514e-05	14	0.0019886	6.44726e+06
38	4.67514e-05	15	0.00244401	6.75257e+06
38	4.67514e-05	16	0.0030037	7.02686e+06
38	4.67514e-05	17	0.00369158	6.30541e+06
38	4.67514e-05	18	0.00453698	5.76816e+06
38	4.67514e-05	19	0.00557599	6.30862e+06
38	4.67514e-05	20	0.00685294	6.03551e+06
38	4.67514e-05	21	0.00842232	5.26222e+06
38	4.67514e-05	22	0.0103511	5.36145e+06
38	4.67514e-05	23	0.0127216	4.54867e+06
38	4.67514e-05	24	0.015635	3.91994e+06
38	4.67514e-05	25	0.0192155	3.27575e+06
38	4.67514e-05	26	0.023616	2.19482e+06
38	4.67514e-05	27	0.0290243	1.40976e+06
38	4.67514e-05	28	0.0356711	677178
38	4.67514e-05	29	0.0438401	234419
38	4.67514e-05	30	0.0538799	109983
38	4.67514e-05	31	0.0662189	33779.4
38	4.67514e-05	32	0.0813836	5653.72
38	4.67514e-05	33	0.100021	0
38	4.67514e-05	34	0.122927	0
38	4.67514e-05	35	0.151078	0
38	4.67514e-05	36	0.185676	0
38	4.67514e-05	37	0.228198	0
38	4.67514e-05	38	0.280457	0
38	4.67514e-05	39	0.344684	0
39	5.48454e-05	0	0.000110861	3.294e+06
39	5.48454e-05	1	0.000136249	5.36053e+06
39	5.48454e-05	2	0.000167451	2.1805e+06
39	5.48454e-05	3	0.000205799	7.09852e+06
39	5.48454e-05	4	0.000252928	7.21848e+06
39	5.48454e-05	5	0.000310851	4.69921e+06
39	5.48454e-05	6	0.000382039	8.60348e+06
39	5.48454e-05	7	0.000469529	7.77681e+06
39	5.48454e-05	8	0.000577055	6.32846e+06
39	5.48454e-05	9	0.000709206	7.20807e+06
39	5.48454e-05	10	0.00087162	5.44756e+06
39	5.48454e-05	11	0.00107123	9.20487e+06
39	5.48454e-05	12	0.00131655	5.27053e+06
39	5.48454e-05	13	0.00161805	4.74014e+06
39	5.48454e-05	14	0.0019886	5.14209e+06
39	5.48454e-05	15	0.00244401	5.82751e+06
39	5.48454e-05	16	0.0030037	5.83573e+06
39	5.48454e-05	17	0.00369158	5.44093e+06
39	5.48454e-05	18	0.00453698	5.87599e+06
39	5.48454e-05	19	0.00557599	5.89413e+06
39	5.48454e-05	20	0.00685294	6.02196e+06
39	5.48454e-05	21	0.00842232	5.59333e+06
39	5.48454e-05	22	0.0103511	4.5158e+06
39	5.48454e-05	23	0.0127216	4.90899e+06
39	5.48454e-05	24	0.015635	4.06424e+06
39	5.48454e-05	25	0.0192155	2.73684e+06
39	5.48454e-05	26	0.023616	1.79381e+06
39	5.48454e-05	27	0.0290243	579053
39	5.48454e-05	28	0.0356711	143512
39	5.48454e-05	29	0.0438401	33418.2
39	5.48454e-05	30	0.0538799	0
39	5.48454e-05	31	0.0662189	0
39	5.48454e-05	32	0.0813836	0
39	5.48454e-05	33	0.100021	0
39	5.48454e-05	34	0.122927	0
39	5.48454e-05	35	0.151078	0
39	5.48454e-05	36	0.185676	0
39	5.48454e-05	37	0.228198	0
39	5.48454e-05	38	0.280457	0
39	5.48454e-05	39	0.344684	0
